0
0.02
0.04
0.0599964
0.0799856
0.099964
0.119928
0.139874
0.159798
0.179698
0.199568
0.219406
0.239209
0.258971
0.278691
0.298364
0.317987
0.337557
0.357069
0.376521
0.395908
0.415228
0.434477
0.453651
0.472748
0.491762
0.510693
0.529535
0.548285
0.56694
0.585498
0.603954
0.622305
0.640548
0.65868
0.676697
0.694597
0.712375
0.73003
0.747558
0.764956
0.78222
0.799349
0.816338
0.833185
0.849886
0.86644
0.882843
0.899093
0.915185
0.931119
0.94689
0.962497
0.977936
0.993206
1.0083
1.02322
1.03797
1.05253
1.06691
1.08111
1.09512
1.10894
1.12257
1.136
1.14924
1.16228
1.17511
1.18775
1.20018
1.2124
1.22442
1.23622
1.24782
1.2592
1.27036
1.2813
1.29203
1.30254
1.31282
1.32288
1.33271
1.34232
1.3517
1.36085
1.36977
1.37845
1.38691
1.39513
1.40311
1.41086
1.41837
1.42564
1.43268
1.43947
1.44603
1.45234
1.45841
1.46424
1.46982
1.47516
1.48026
1.48511
1.48972
1.49408
1.4982
1.50207
1.5057
1.50908
1.51221
1.5151
1.51774
1.52014
1.52229
1.5242
1.52586
1.52728
1.52845
1.52938
1.53007
1.53051
1.53071
1.53067
1.53039
1.52986
1.5291
1.5281
1.52686
1.52539
1.52368
1.52173
1.51955
1.51714
1.5145
1.51163
1.50852
1.50519
1.50164
1.49786
1.49385
1.48962
1.48518
1.48051
1.47563
1.47053
1.46521
1.45969
1.45395
1.44801
1.44186
1.4355
1.42894
1.42218
1.41523
1.40807
1.40072
1.39318
1.38544
1.37752
1.36942
1.36113
1.35265
1.344
1.33518
1.32617
1.317
1.30766
1.29815
1.28848
1.27864
1.26865
1.2585
1.24819
1.23774
1.22713
1.21638
1.20549
1.19446
1.18329
1.17198
1.16055
1.14898
1.13729
1.12548
1.11354
1.10149
1.08933
1.07705
1.06467
1.05218
1.03958
1.02689
1.01411
1.00123
0.988257
0.9752
0.962059
0.948838
0.935539
0.922166
0.908722
0.89521
0.881632
0.867993
0.854295
0.840542
0.826736
0.812881
0.79898
0.785036
0.771053
0.757033
0.742979
0.728895
0.714785
0.70065
0.686495
0.672322
0.658134
0.643935
0.629728
0.615516
0.601302
0.587089
0.57288
0.558678
0.544487
0.530309
0.516147
0.502005
0.487886
0.473791
0.459726
0.445691
0.431691
0.417728
0.403805
0.389926
0.376092
0.362307
0.348574
0.334895
0.321274
0.307712
0.294213
0.28078
0.267415
0.25412
0.240899
0.227754
0.214688
0.201703
0.188802
0.175987
0.163261
0.150626
0.138084
0.125639
0.113292
0.101046
0.0889028
0.076865
0.0649347
0.0531141
0.0414054
0.0298108
0.0183323
0.00697197
-0.00426809
-0.0153859
-0.0263795
-0.0372471
-0.0479865
-0.0585962
-0.0690741
-0.0794186
-0.0896279
-0.0997002
-0.109634
-0.119428
-0.129079
-0.138588
-0.147951
-0.157169
-0.166238
-0.175159
-0.183929
-0.192547
-0.201012
-0.209322
-0.217477
-0.225476
-0.233316
-0.240998
-0.24852
-0.255881
-0.26308
-0.270117
-0.27699
-0.283699
-0.290242
-0.296619
-0.30283
-0.308874
-0.31475
-0.320457
-0.325995
-0.331364
-0.336563
-0.341591
-0.346449
-0.351136
-0.355651
-0.359995
-0.364167
-0.368167
-0.371995
-0.375651
-0.379135
-0.382447
-0.385586
-0.388554
-0.391349
-0.393973
-0.396425
-0.398706
-0.400816
-0.402755
-0.404524
-0.406122
-0.407551
-0.408811
-0.409903
-0.410826
-0.411582
-0.412171
-0.412593
-0.412851
-0.412943
-0.412871
-0.412636
-0.412239
-0.41168
-0.41096
-0.410081
-0.409042
-0.407846
-0.406493
-0.404984
-0.403321
-0.401504
-0.399534
-0.397414
-0.395143
-0.392724
-0.390157
-0.387443
-0.384585
-0.381583
-0.378439
-0.375154
-0.37173
-0.368168
-0.364469
-0.360635
-0.356668
-0.352569
-0.34834
-0.343981
-0.339496
-0.334885
-0.33015
-0.325293
-0.320315
-0.315219
-0.310005
-0.304677
-0.299234
-0.29368
-0.288015
-0.282243
-0.276364
-0.27038
-0.264294
-0.258107
-0.251821
-0.245437
-0.238959
-0.232387
-0.225725
-0.218972
-0.212132
-0.205207
-0.198198
-0.191107
-0.183937
-0.176689
-0.169365
-0.161968
-0.154499
-0.14696
-0.139354
-0.131682
-0.123946
-0.116148
-0.108291
-0.100376
-0.0924052
-0.0843809
-0.0763049
-0.0681793
-0.060006
-0.051787
-0.0435244
-0.0352201
-0.0268761
-0.0184944
-0.010077
-0.00162581
0.00685715
0.0153699
0.0239106
0.0324772
0.0410678
0.0496805
0.0583134
0.0669645
0.075632
0.0843139
0.0930085
0.101714
0.110428
0.119149
0.127876
0.136606
0.145337
0.154069
0.162798
0.171524
0.180244
0.188958
0.197662
0.206356
0.215038
0.223706
0.232358
0.240994
0.249611
0.258207
0.266782
0.275333
0.28386
0.29236
0.300833
0.309276
0.317688
0.326069
0.334415
0.342727
0.351003
0.359241
0.36744
0.3756
0.383717
0.391793
0.399824
0.40781
0.415751
0.423644
0.431488
0.439283
0.447028
0.45472
0.462361
0.469947
0.47748
0.484956
0.492377
0.49974
0.507045
0.514291
0.521477
0.528602
0.535667
0.542669
0.549609
0.556485
0.563297
0.570044
0.576726
0.583343
0.589892
0.596375
0.602791
0.609138
0.615417
0.621628
0.627769
0.633841
0.639843
0.645774
0.651635
0.657426
0.663145
0.668793
0.67437
0.679875
0.685309
0.690671
0.69596
0.701178
0.706324
0.711397
0.716399
0.721328
0.726186
0.730971
0.735685
0.740327
0.744897
0.749396
0.753823
0.75818
0.762465
0.76668
0.770825
0.774899
0.778904
0.782839
0.786705
0.790503
0.794231
0.797892
0.801485
0.805011
0.808471
0.811864
0.815191
0.818453
0.82165
0.824782
0.827851
0.830857
0.8338
0.836682
0.839501
0.84226
0.844959
0.847598
0.850178
0.8527
0.855164
0.857571
0.859922
0.862217
0.864458
0.866644
0.868777
0.870857
0.872886
0.874863
0.876789
0.878666
0.880494
0.882274
0.884007
0.885693
0.887333
0.888928
0.890479
0.891986
0.893451
0.894874
0.896256
0.897598
0.8989
0.900163
0.901389
0.902578
0.903731
0.904848
0.905931
0.906979
0.907995
0.908979
0.909931
0.910852
0.911744
0.912606
0.91344
0.914247
0.915027
0.915781
0.916509
0.917213
0.917893
0.91855
0.919185
0.919798
0.92039
0.920962
0.921514
0.922047
0.922562
0.923059
0.92354
0.924004
0.924452
0.924885
0.925304
0.925709
0.9261
0.926479
0.926845
0.927199
0.927543
0.927875
0.928197
0.92851
0.928813
0.929107
0.929393
0.92967
0.92994
0.930203
0.930458
0.930708
0.93095
0.931187
0.931418
0.931644
0.931865
0.93208
0.932291
0.932498
0.9327
0.932898
0.933092
0.933282
0.933469
0.933652
0.933831
0.934006
0.934179
0.934347
0.934512
0.934674
0.934832
0.934986
0.935137
0.935284
0.935427
0.935566
0.9357
0.935831
0.935956
0.936077
0.936193
0.936303
0.936408
0.936507
0.936599
0.936685
0.936764
0.936836
0.936901
0.936957
0.937004
0.937043
0.937072
0.937092
0.937101
0.937099
0.937086
0.93706
0.937022
0.936971
0.936907
0.936827
0.936733
0.936623
0.936497
0.936353
0.936192
0.936013
0.935814
0.935595
0.935356
0.935095
0.934812
0.934506
0.934176
0.933821
0.93344
0.933034
0.9326
0.932137
0.931646
0.931125
0.930572
0.929988
0.929372
0.928721
0.928036
0.927315
0.926558
0.925763
0.92493
0.924057
0.923144
0.922189
0.921191
0.92015
0.919064
0.917933
0.916755
0.915529
0.914254
0.91293
0.911555
0.910128
0.908648
0.907113
0.905524
0.903879
0.902176
0.900415
0.898595
0.896714
0.894772
0.892768
0.8907
0.888567
0.886369
0.884104
0.881771
0.87937
0.876899
0.874357
0.871743
0.869057
0.866296
0.863461
0.860551
0.857563
0.854498
0.851354
0.84813
0.844826
0.84144
0.837972
0.834421
0.830785
0.827065
0.823258
0.819365
0.815384
0.811315
0.807157
0.802908
0.798569
0.794138
0.789615
0.784999
0.780289
0.775485
0.770586
0.765591
0.7605
0.755311
0.750026
0.744642
0.739159
0.733578
0.727896
0.722115
0.716233
0.710249
0.704165
0.697978
0.691689
0.685298
0.678804
0.672207
0.665506
0.658701
0.651793
0.64478
0.637663
0.630442
0.623117
0.615686
0.608152
0.600512
0.592768
0.584919
0.576966
0.568908
0.560746
0.552479
0.544109
0.535635
0.527057
0.518376
0.509592
0.500705
0.491715
0.482624
0.473431
0.464138
0.454743
0.445249
0.435655
0.425962
0.41617
0.406281
0.396295
0.386212
0.376034
0.365761
0.355394
0.344933
0.334381
0.323736
0.313002
0.302177
0.291264
0.280263
0.269176
0.258003
0.246746
0.235406
0.223983
0.21248
0.200897
0.189236
0.177498
0.165684
0.153796
0.141834
0.129801
0.117698
0.105527
0.0932882
0.0809839
0.0686156
0.0561849
0.0436934
0.0311428
0.0185347
0.00587087
-0.00684699
-0.0196171
-0.0324377
-0.0453069
-0.0582229
-0.0711839
-0.0841879
-0.097233
-0.110317
-0.123439
-0.136596
-0.149785
-0.163007
-0.176257
-0.189534
-0.202836
-0.216161
-0.229506
-0.24287
-0.256251
-0.269645
-0.283051
-0.296467
-0.309889
-0.323317
-0.336748
-0.350179
-0.363608
-0.377033
-0.390451
-0.40386
-0.417258
-0.430642
-0.444009
-0.457358
-0.470686
-0.48399
-0.497268
-0.510517
-0.523735
-0.53692
-0.550068
-0.563178
-0.576247
-0.589272
-0.602251
-0.615181
-0.62806
-0.640885
-0.653654
-0.666363
-0.679012
-0.691596
-0.704113
-0.716561
-0.728937
-0.741239
-0.753465
-0.76561
-0.777674
-0.789653
-0.801545
-0.813347
-0.825057
-0.836672
-0.84819
-0.859608
-0.870924
-0.882135
-0.893239
-0.904233
-0.915115
-0.925882
-0.936531
-0.947062
-0.95747
-0.967754
-0.977911
-0.987939
-0.997835
-1.0076
-1.01722
-1.02671
-1.03606
-1.04526
-1.05432
-1.06323
-1.072
-1.0806
-1.08906
-1.09736
-1.1055
-1.11348
-1.1213
-1.12895
-1.13644
-1.14376
-1.15091
-1.15789
-1.16469
-1.17131
-1.17776
-1.18403
-1.19012
-1.19602
-1.20174
-1.20727
-1.21262
-1.21777
-1.22273
-1.2275
-1.23208
-1.23646
-1.24064
-1.24462
-1.24841
-1.25199
-1.25537
-1.25855
-1.26152
-1.26428
-1.26684
-1.26919
-1.27133
-1.27326
-1.27498
-1.27648
-1.27777
-1.27885
-1.27972
-1.28037
-1.2808
-1.28101
-1.28101
-1.28079
-1.28036
-1.2797
-1.27883
-1.27773
-1.27642
-1.27488
-1.27313
-1.27115
-1.26896
-1.26654
-1.2639
-1.26104
-1.25796
-1.25467
