0
0
0
1.92e-006
7.68e-006
1.91993e-005
3.8396e-005
6.7186e-005
0.000107483
0.000161196
0.000230232
0.000316491
0.000421871
0.00054826
0.000697543
0.000871595
0.00107228
0.00130147
0.001561
0.00185272
0.00217846
0.00254003
0.00293924
0.00337789
0.00385775
0.0043806
0.00494818
0.00556224
0.0062245
0.00693665
0.0077004
0.00851741
0.00938934
0.0103178
0.0113045
0.0123509
0.0134586
0.0146293
0.0158643
0.0171653
0.0185338
0.0199711
0.0214787
0.0230581
0.0247107
0.0264378
0.0282407
0.0301207
0.0320793
0.0341175
0.0362367
0.0384381
0.0407228
0.043092
0.0455467
0.0480882
0.0507174
0.0534354
0.0562432
0.0591417
0.0621318
0.0652146
0.0683907
0.0716612
0.0750267
0.078488
0.0820459
0.0857011
0.0894543
0.093306
0.0972568
0.101307
0.105458
0.10971
0.114063
0.118517
0.123073
0.127732
0.132493
0.137357
0.142324
0.147395
0.152569
0.157847
0.163228
0.168713
0.174301
0.179994
0.18579
0.191689
0.197692
0.203798
0.210006
0.216318
0.222731
0.229247
0.235865
0.242583
0.249402
0.256322
0.263341
0.270459
0.277676
0.284991
0.292403
0.299911
0.307515
0.315214
0.323007
0.330893
0.338871
0.346941
0.355101
0.36335
0.371687
0.380112
0.388623
0.397219
0.405898
0.414659
0.423502
0.432425
0.441426
0.450505
0.459659
0.468888
0.478189
0.487562
0.497004
0.506515
0.516093
0.525736
0.535442
0.545209
0.555037
0.564923
0.574866
0.584863
0.594914
0.605015
0.615166
0.625363
0.635607
0.645893
0.656221
0.666589
0.676994
0.687434
0.697908
0.708413
0.718947
0.729508
0.740094
0.750703
0.761332
0.77198
0.782644
0.793322
0.804011
0.81471
0.825416
0.836127
0.84684
0.857554
0.868266
0.878973
0.889673
0.900365
0.911045
0.921711
0.932361
0.942992
0.953602
0.964189
0.97475
0.985283
0.995786
1.00626
1.01669
1.02709
1.03744
1.04776
1.05802
1.06825
1.07842
1.08854
1.0986
1.10861
1.11855
1.12844
1.13826
1.14802
1.15771
1.16732
1.17686
1.18633
1.19572
1.20502
1.21425
1.22339
1.23244
1.2414
1.25027
1.25905
1.26773
1.27632
1.2848
1.29318
1.30145
1.30962
1.31768
1.32563
1.33346
1.34118
1.34879
1.35627
1.36363
1.37087
1.37799
1.38498
1.39184
1.39857
1.40517
1.41163
1.41796
1.42416
1.43021
1.43613
1.4419
1.44753
1.45301
1.45835
1.46354
1.46858
1.47347
1.47821
1.48279
1.48722
1.49149
1.49561
1.49957
1.50337
1.50701
1.51049
1.51381
1.51696
1.51995
1.52277
1.52543
1.52792
1.53024
1.5324
1.53439
1.5362
1.53785
1.53933
1.54064
1.54177
1.54273
1.54352
1.54414
1.54459
1.54486
1.54496
1.54489
1.54464
1.54422
1.54363
1.54286
1.54192
1.54081
1.53953
1.53807
1.53644
1.53464
1.53267
1.53052
1.52821
1.52572
1.52307
1.52024
1.51725
1.51409
1.51077
1.50728
1.50362
1.4998
1.49582
1.49167
1.48736
1.4829
1.47827
1.47349
1.46854
1.46345
1.4582
1.4528
1.44724
1.44154
1.43568
1.42968
1.42354
1.41725
1.41082
1.40425
1.39754
1.39069
1.38371
1.3766
1.36935
1.36198
1.35447
1.34684
1.33909
1.33122
1.32323
1.31512
1.30689
1.29855
1.29011
1.28155
1.27289
1.26412
1.25526
1.24629
1.23723
1.22807
1.21883
1.20949
1.20007
1.19057
1.18098
1.17132
1.16158
1.15177
1.14188
1.13193
1.12192
1.11184
1.10171
1.09151
1.08127
1.07097
1.06063
1.05024
1.03981
1.02934
1.01884
1.0083
0.997733
0.987139
0.97652
0.965881
0.955224
0.944553
0.933869
0.923177
0.91248
0.901779
0.89108
0.880384
0.869694
0.859015
0.848349
0.837698
0.827067
0.816458
0.805874
0.795319
0.784796
0.774307
0.763856
0.753445
0.743079
0.732759
0.72249
0.712273
0.702113
0.692012
0.681973
0.672
0.662094
0.65226
0.6425
0.632818
0.623215
0.613695
0.604261
0.594917
0.585663
0.576505
0.567443
0.558482
0.549624
0.540871
0.532227
0.523695
0.515276
0.506973
0.49879
0.490729
0.482791
0.474981
0.4673
0.459751
0.452337
0.445059
0.437921
0.430924
0.42407
0.417363
0.410805
0.404397
0.398141
0.392041
0.386098
0.380314
0.37469
0.369231
0.363936
0.358808
0.353848
0.34906
0.344444
0.340002
0.335735
0.331646
0.327737
0.324007
0.32046
0.317097
0.313918
0.310926
0.308121
0.305505
0.30308
0.300845
0.298803
0.296955
0.295301
0.293842
0.29258
0.291515
0.290648
0.289979
0.289511
0.289242
0.289174
0.289307
0.289642
0.29018
0.29092
0.291863
0.293009
0.294358
0.295911
0.297668
0.299629
0.301793
0.304161
0.306733
0.309508
0.312486
0.315668
0.319052
0.322638
0.326426
0.330415
0.334606
0.338996
0.343586
0.348375
0.353361
0.358545
0.363926
0.369501
0.375271
0.381235
0.387391
0.393738
0.400275
0.407001
0.413914
0.421013
0.428297
0.435764
0.443412
0.451241
0.459248
0.467432
0.475791
0.484323
0.493027
0.501901
0.510942
0.520149
0.52952
0.539053
0.548745
0.558594
0.568599
0.578757
0.589065
0.599522
0.610125
0.620871
0.631759
0.642785
0.653948
0.665243
0.67667
0.688225
0.699905
0.711708
0.723631
0.735672
0.747826
0.760092
0.772467
0.784947
0.797529
0.810211
0.82299
0.835862
0.848824
0.861873
0.875006
0.88822
0.901512
0.914877
0.928314
0.941818
0.955387
0.969016
0.982703
0.996444
1.01024
1.02408
1.03796
1.05188
1.06584
1.07984
1.09386
1.10791
1.12198
1.13608
1.15018
1.1643
1.17843
1.19256
1.2067
1.22083
1.23496
1.24907
1.26317
1.27726
1.29132
1.30537
1.31938
1.33336
1.34731
1.36121
1.37508
1.3889
1.40267
1.41638
1.43004
1.44364
1.45717
1.47064
1.48403
1.49735
1.5106
1.52376
1.53683
1.54981
1.56271
1.5755
1.5882
1.60079
1.61328
1.62566
1.63792
1.65007
1.6621
1.674
1.68578
1.69743
1.70895
1.72033
1.73157
1.74266
1.75362
1.76442
1.77507
1.78557
1.79591
1.80609
1.8161
1.82595
1.83563
1.84513
1.85447
1.86362
1.87259
1.88138
1.88999
1.89841
1.90663
1.91466
1.9225
1.93014
1.93758
1.94481
1.95184
1.95867
1.96528
1.97168
1.97787
1.98385
1.9896
1.99514
2.00045
2.00554
2.01041
2.01505
2.01946
2.02364
2.02759
2.03131
2.03479
2.03804
2.04105
2.04382
2.04635
2.04863
2.05068
2.05249
2.05405
2.05536
2.05643
2.05725
2.05782
2.05815
2.05823
2.05805
2.05763
2.05696
2.05603
2.05486
2.05343
2.05175
2.04982
2.04763
2.04519
2.0425
2.03956
2.03637
2.03292
2.02922
2.02527
2.02107
2.01662
2.01192
2.00696
2.00176
1.99631
1.99061
1.98467
1.97848
1.97204
1.96536
1.95843
1.95127
1.94386
1.93621
1.92832
1.92019
1.91183
1.90323
1.8944
1.88533
1.87604
1.86652
1.85677
1.84679
1.83659
1.82617
1.81553
1.80466
1.79359
1.7823
1.77079
1.75908
1.74716
1.73503
1.7227
1.71017
1.69744
1.68451
1.67139
1.65808
1.64458
1.63089
1.61702
1.60297
1.58874
1.57433
1.55975
1.545
1.53009
1.51501
1.49977
1.48437
1.46881
1.45311
1.43725
1.42125
1.4051
1.38882
1.3724
1.35584
1.33916
1.32235
1.30541
1.28836
1.27119
1.25391
1.23651
1.21901
1.20141
1.1837
1.16591
1.14802
1.13004
1.11197
1.09382
1.0756
1.0573
1.03893
1.02049
1.00199
0.98343
0.964813
0.946144
0.927425
0.908661
0.889856
0.871013
0.852137
0.833229
0.814295
0.795339
0.776363
0.757372
0.738368
0.719357
0.700342
0.681326
0.662313
0.643307
0.624312
0.60533
0.586367
0.567425
0.548508
0.52962
0.510765
0.491945
0.473165
0.454429
0.435739
0.4171
0.398515
0.379987
0.36152
0.343117
0.324783
0.306519
0.28833
0.27022
0.252191
0.234246
0.21639
0.198625
0.180955
0.163382
0.145911
0.128543
0.111283
0.0941337
0.0770976
0.0601781
0.043378
0.0267004
0.0101481
-0.00627581
-0.0225686
-0.0387275
-0.0547497
-0.0706324
-0.086373
-0.101969
-0.117417
-0.132716
-0.147862
-0.162853
-0.177686
-0.19236
-0.206871
-0.221219
-0.235399
-0.249411
-0.263251
-0.276918
-0.29041
-0.303725
-0.31686
-0.329814
-0.342585
-0.355172
-0.367571
-0.379783
-0.391804
-0.403634
-0.41527
-0.426712
-0.437958
-0.449006
-0.459855
-0.470504
-0.480951
-0.491196
-0.501238
-0.511074
-0.520705
-0.530129
-0.539345
-0.548352
-0.55715
-0.565738
-0.574116
-0.582282
-0.590235
-0.597977
-0.605505
-0.61282
-0.619922
-0.626809
-0.633482
-0.639941
-0.646185
-0.652215
-0.65803
-0.663631
-0.669017
-0.674188
-0.679146
-0.68389
-0.68842
-0.692737
-0.696842
-0.700735
-0.704415
-0.707885
-0.711145
-0.714195
-0.717036
-0.719668
-0.722094
-0.724314
-0.726328
-0.728137
-0.729744
-0.731149
-0.732352
-0.733356
-0.734162
-0.734771
-0.735184
-0.735403
-0.735429
-0.735263
-0.734909
-0.734366
-0.733637
-0.732723
-0.731626
-0.730348
-0.728891
-0.727257
-0.725447
-0.723464
-0.721309
-0.718985
-0.716494
-0.713837
-0.711018
-0.708038
-0.704899
-0.701604
-0.698156
-0.694556
-0.690806
-0.68691
-0.68287
-0.678689
-0.674368
-0.66991
-0.665318
-0.660595
-0.655744
-0.650766
-0.645665
-0.640443
-0.635103
-0.629649
-0.624082
-0.618405
-0.612622
-0.606736
-0.600748
-0.594663
-0.588482
-0.58221
-0.575849
-0.569401
-0.562871
-0.55626
-0.549573
-0.542811
-0.535979
-0.529079
-0.522114
-0.515088
-0.508003
-0.500862
-0.493669
-0.486427
-0.479139
-0.471808
-0.464437
-0.457029
-0.449588
-0.442117
-0.434618
-0.427095
-0.419551
-0.411989
-0.404412
-0.396824
-0.389227
-0.381624
-0.37402
-0.366416
-0.358816
-0.351223
-0.343639
-0.336069
-0.328515
-0.32098
-0.313468
-0.30598
-0.29852
-0.291092
-0.283697
-0.27634
-0.269022
-0.261747
-0.254518
-0.247337
-0.240207
-0.233131
-0.226112
-0.219153
-0.212256
-0.205425
-0.198661
-0.191967
-0.185346
-0.178801
-0.172334
-0.165948
-0.159644
-0.153427
-0.147297
-0.141258
-0.135312
-0.129461
-0.123708
-0.118054
-0.112502
-0.107054
-0.101713
-0.0964801
-0.0913577
-0.0863478
-0.0814525
-0.0766738
-0.0720134
