0
0
0
0
0
2.304e-010
1.3824e-009
4.8383e-009
1.29016e-008
2.90268e-008
5.80487e-008
1.06411e-007
1.82397e-007
2.96352e-007
4.60915e-007
6.91242e-007
1.00523e-006
1.42375e-006
1.97086e-006
2.67401e-006
3.5643e-006
4.67669e-006
6.05016e-006
7.72802e-006
9.75804e-006
1.21927e-005
1.50894e-005
1.85107e-005
2.25245e-005
2.7204e-005
3.26284e-005
3.88828e-005
4.60583e-005
5.42524e-005
6.35691e-005
7.4119e-005
8.60197e-005
9.93959e-005
0.000114379
0.000131109
0.000149733
0.000170404
0.000193286
0.00021855
0.000246373
0.000276944
0.000310457
0.000347119
0.000387141
0.000430746
0.000478167
0.000529642
0.000585423
0.000645769
0.000710949
0.000781242
0.000856936
0.000938331
0.00102573
0.00111947
0.00121985
0.00132724
0.00144197
0.00156441
0.00169492
0.00183389
0.00198172
0.00213879
0.00230554
0.00248237
0.00266973
0.00286807
0.00307784
0.0032995
0.00353354
0.00378046
0.00404074
0.0043149
0.00460347
0.00490697
0.00522597
0.005561
0.00591264
0.00628147
0.00666808
0.00707306
0.00749702
0.0079406
0.00840442
0.00888912
0.00939537
0.00992381
0.0104751
0.01105
0.0116492
0.0122733
0.0129231
0.0135992
0.0143026
0.0150338
0.0157936
0.0165829
0.0174024
0.0182528
0.0191349
0.0200496
0.0209977
0.02198
0.0229973
0.0240504
0.0251402
0.0262676
0.0274333
0.0286384
0.0298835
0.0311697
0.0324979
0.0338688
0.0352834
0.0367427
0.0382474
0.0397987
0.0413973
0.0430442
0.0447404
0.0464867
0.0482842
0.0501338
0.0520364
0.053993
0.0560045
0.058072
0.0601964
0.0623786
0.0646197
0.0669206
0.0692822
0.0717057
0.0741918
0.0767418
0.0793564
0.0820367
0.0847837
0.0875984
0.0904817
0.0934346
0.0964581
0.0995532
0.102721
0.105962
0.109278
0.112669
0.116137
0.119682
0.123305
0.127008
0.130791
0.134655
0.138601
0.14263
0.146744
0.150942
0.155226
0.159597
0.164056
0.168603
0.173239
0.177966
0.182784
0.187694
0.192697
0.197794
0.202985
0.208272
0.213654
0.219134
0.224711
0.230387
0.236162
0.242037
0.248013
0.254091
0.26027
0.266553
0.272939
0.279429
0.286024
0.292724
0.299531
0.306444
0.313465
0.320593
0.32783
0.335176
0.342631
0.350196
0.357871
0.365657
0.373555
0.381564
0.389685
0.397919
0.406265
0.414725
0.423298
0.431985
0.440786
0.449702
0.458731
0.467876
0.477135
0.48651
0.495999
0.505604
0.515324
0.52516
0.535111
0.545178
0.55536
0.565657
0.57607
0.586599
0.597242
0.608
0.618874
0.629862
0.640964
0.652181
0.663511
0.674956
0.686513
0.698184
0.709967
0.721862
0.733869
0.745987
0.758216
0.770555
0.783004
0.795562
0.808229
0.821003
0.833885
0.846873
0.859967
0.873166
0.886469
0.899876
0.913385
0.926997
0.940708
0.95452
0.968431
0.98244
0.996546
1.01075
1.02504
1.03943
1.05392
1.06849
1.08316
1.09791
1.11275
1.12768
1.14269
1.15779
1.17297
1.18823
1.20357
1.21899
1.23449
1.25006
1.2657
1.28142
1.29721
1.31306
1.32899
1.34498
1.36103
1.37715
1.39332
1.40956
1.42585
1.4422
1.4586
1.47506
1.49156
1.50811
1.5247
1.54134
1.55802
1.57475
1.5915
1.6083
1.62513
1.64199
1.65888
1.67579
1.69273
1.7097
1.72668
1.74369
1.7607
1.77774
1.79478
1.81184
1.8289
1.84596
1.86303
1.8801
1.89716
1.91423
1.93128
1.94832
1.96535
1.98237
1.99937
2.01635
2.03331
2.05024
2.06715
2.08402
2.10087
2.11767
2.13445
2.15118
2.16787
2.18451
2.20111
2.21765
2.23415
2.25058
2.26696
2.28328
2.29954
2.31573
2.33185
2.3479
2.36387
2.37977
2.39559
2.41132
2.42698
2.44254
2.45801
2.4734
2.48868
2.50387
2.51896
2.53395
2.54883
2.5636
2.57826
2.59281
2.60724
2.62155
2.63574
2.64981
2.66375
2.67756
2.69124
2.70479
2.7182
2.73147
2.7446
2.75758
2.77042
2.78311
2.79565
2.80803
2.82026
2.83233
2.84424
2.85599
2.86757
2.87898
2.89022
2.90129
2.91219
2.9229
2.93344
2.9438
2.95397
2.96396
2.97376
2.98338
2.9928
3.00202
3.01105
3.01989
3.02852
3.03695
3.04518
3.0532
3.06102
3.06863
3.07602
3.08321
3.09018
3.09693
3.10347
3.10979
3.11589
3.12176
3.12742
3.13284
3.13805
3.14302
3.14776
3.15228
3.15656
3.16061
3.16443
3.16801
3.17135
3.17446
3.17733
3.17996
3.18235
3.1845
3.1864
3.18807
3.18949
3.19066
3.19159
3.19227
3.19271
3.1929
3.19284
3.19254
3.19199
3.19118
3.19013
3.18883
3.18728
3.18548
3.18343
3.18113
3.17857
3.17577
3.17272
3.16941
3.16586
3.16206
3.158
3.1537
3.14915
3.14435
3.13929
3.134
3.12845
3.12266
3.11661
3.11033
3.1038
3.09702
3.09
3.08273
3.07523
3.06748
3.05949
3.05126
3.04279
3.03409
3.02515
3.01597
3.00656
2.99692
2.98705
2.97694
2.96661
2.95605
2.94526
2.93425
2.92302
2.91157
2.89989
2.888
2.8759
2.86358
2.85104
2.8383
2.82535
2.81219
2.79882
2.78526
2.77149
2.75753
2.74336
2.72901
2.71446
2.69973
2.6848
2.66969
2.6544
2.63893
2.62328
2.60746
2.59146
2.57529
2.55896
2.54246
2.5258
2.50898
2.49201
2.47487
2.45759
2.44016
2.42259
2.40487
2.38701
2.36902
2.35089
2.33263
2.31425
2.29574
2.27711
2.25836
2.23949
2.22051
2.20143
2.18224
2.16294
2.14355
2.12406
2.10448
2.08481
2.06505
2.04521
2.02529
2.0053
1.98523
1.96509
1.94489
1.92463
1.9043
1.88393
1.86349
1.84302
1.82249
1.80193
1.78133
1.76069
1.74002
1.71933
1.69861
1.67787
1.65712
1.63635
1.61557
1.59479
1.574
1.55322
1.53244
1.51167
1.49091
1.47016
1.44944
1.42874
1.40806
1.38742
1.3668
1.34623
1.32569
1.3052
1.28476
1.26436
1.24402
1.22374
1.20352
1.18337
1.16328
1.14327
1.12332
1.10346
1.08368
1.06399
1.04438
1.02487
1.00545
0.986124
0.966904
0.947789
0.928781
0.909886
0.891104
0.87244
0.853897
0.835478
0.817185
0.799022
0.780992
0.763098
0.745343
0.72773
0.710261
0.69294
0.675769
0.658751
0.64189
0.625186
0.608645
0.592267
0.576056
0.560014
0.544144
0.528448
0.512929
0.497589
0.482431
0.467457
0.452669
0.43807
0.423661
0.409446
0.395426
0.381604
0.36798
0.354559
0.341341
0.328328
0.315522
0.302926
0.290541
0.278369
0.266411
0.254669
0.243145
0.231841
0.220757
0.209896
0.199259
0.188847
0.178662
0.168705
0.158977
0.149479
0.140213
0.131179
0.122379
0.113814
0.105484
0.0973913
0.0895356
0.0819181
0.0745395
0.0674005
0.0605018
0.0538439
0.0474274
0.0412528
0.0353205
0.0296309
0.0241844
0.0189811
0.0140214
0.0093054
0.00483324
0.00060499
-0.00337933
-0.00711976
-0.0106164
-0.0138693
-0.0168788
-0.019645
-0.0221683
-0.0244489
-0.0264874
-0.0282841
-0.0298395
-0.0311542
-0.0322289
-0.0330641
-0.0336605
-0.0340189
-0.0341402
-0.0340252
-0.0336747
-0.0330898
-0.0322714
-0.0312206
-0.0299385
-0.0284263
-0.0266851
-0.0247163
-0.0225211
-0.0201008
-0.017457
-0.0145909
-0.0115041
-0.00819807
-0.0046745
-0.000934954
0.00301889
0.00718531
0.0115625
0.0161488
0.0209422
0.0259409
0.0311429
0.0365463
0.042149
0.047949
0.0539442
0.0601324
0.0665114
0.0730791
0.0798332
0.0867713
0.0938912
0.10119
0.108667
0.116317
0.12414
0.132132
0.140291
0.148615
0.1571
0.165744
0.174545
0.1835
0.192605
0.201859
0.211258
0.220799
0.23048
0.240298
0.25025
0.260333
0.270543
0.280879
0.291337
0.301913
0.312605
0.32341
0.334325
0.345346
0.35647
0.367695
0.379017
0.390432
0.401938
0.413531
0.425209
0.436967
0.448802
0.460712
0.472693
0.484741
0.496854
0.509028
0.521259
0.533544
0.54588
0.558263
0.570691
0.583159
0.595664
0.608203
0.620773
0.633369
0.64599
0.65863
0.671287
0.683958
0.696638
0.709325
0.722016
0.734706
0.747392
0.760071
0.772739
0.785394
0.798032
0.810649
0.823241
0.835807
0.848342
0.860842
0.873306
0.885728
0.898107
0.910439
0.922719
0.934946
0.947116
0.959226
0.971272
0.983251
0.995161
1.007
1.01876
1.03044
1.04204
1.05355
1.06497
1.07631
1.08754
1.09868
1.10972
1.12066
1.13149
1.14221
1.15282
1.16331
1.17369
1.18394
1.19407
1.20408
1.21396
1.2237
1.23331
1.24279
1.25212
1.26132
1.27036
1.27927
1.28802
1.29662
1.30507
1.31336
1.32149
1.32947
1.33727
1.34492
1.35239
1.3597
1.36684
1.3738
1.38058
1.38719
1.39362
1.39987
1.40593
1.41181
1.41751
1.42301
1.42833
1.43345
1.43838
1.44311
1.44765
1.45199
1.45614
1.46008
1.46382
1.46735
1.47068
1.47381
1.47673
1.47944
1.48194
1.48423
1.48632
1.48819
1.48984
1.49129
1.49252
1.49353
1.49433
1.49491
1.49527
1.49542
1.49535
1.49506
1.49455
1.49382
1.49287
1.4917
1.49032
1.48871
1.48688
1.48482
1.48255
1.48006
1.47734
1.47441
1.47125
1.46788
1.46428
1.46046
1.45642
1.45217
1.44769
1.443
1.43808
1.43295
1.4276
1.42203
1.41625
1.41025
1.40404
1.39761
1.39097
1.38412
1.37705
1.36978
1.36229
1.3546
1.34669
1.33858
1.33027
1.32175
1.31302
1.3041
1.29497
1.28565
1.27612
1.2664
1.25648
1.24637
1.23606
1.22556
1.21488
1.204
1.19294
1.18169
1.17026
1.15865
1.14686
1.13489
1.12274
1.11041
1.09792
1.08525
1.07241
1.05941
1.04624
1.0329
1.01941
1.00575
0.991941
0.977972
0.96385
0.949576
0.935153
0.920583
0.905867
0.891009
0.87601
0.860872
0.845598
0.83019
0.814649
0.79898
0.783183
0.767261
0.751217
0.735052
0.718769
0.702371
0.685859
0.669237
0.652506
0.635669
0.618729
0.601687
0.584547
0.56731
0.54998
0.532558
0.515047
0.49745
0.479768
0.462006
0.444164
0.426246
0.408253
0.39019
0.372057
0.353857
0.335594
0.317269
0.298885
0.280445
0.26195
0.243404
0.224809
0.206168
0.187482
0.168755
0.149988
0.131185
0.112348
0.0934789
0.0745807
0.0556556
0.0367062
0.0177348
-0.00125615
-0.0202642
-0.039287
-0.0583221
-0.0773672
-0.0964199
-0.115478
-0.134539
-0.1536
-0.17266
-0.191715
