2
2
1.99998
1.99994
1.99988
1.9998
1.9997
1.99958
1.99944
1.99928
1.9991
1.9989
1.99868
1.99844
1.99818
1.9979
1.9976
1.99728
1.99694
1.99658
1.9962
1.9958
1.99537
1.99493
1.99447
1.99399
1.99349
1.99297
1.99242
1.99186
1.99128
1.99067
1.99005
1.98941
1.98874
1.98806
1.98735
1.98663
1.98588
1.98511
1.98433
1.98352
1.98269
1.98184
1.98097
1.98008
1.97917
1.97824
1.97729
1.97631
1.97532
1.9743
1.97327
1.97221
1.97113
1.97003
1.96891
1.96777
1.9666
1.96542
1.96421
1.96299
1.96174
1.96047
1.95918
1.95787
1.95653
1.95518
1.9538
1.9524
1.95098
1.94954
1.94807
1.94658
1.94508
1.94355
1.94199
1.94042
1.93882
1.9372
1.93556
1.9339
1.93221
1.9305
1.92877
1.92702
1.92524
1.92344
1.92162
1.91978
1.91791
1.91602
1.91411
1.91217
1.91021
1.90823
1.90622
1.90419
1.90214
1.90007
1.89797
1.89584
1.8937
1.89153
1.88933
1.88712
1.88487
1.88261
1.88032
1.87801
1.87567
1.87331
1.87092
1.86851
1.86607
1.86361
1.86113
1.85862
1.85609
1.85353
1.85094
1.84834
1.8457
1.84304
1.84036
1.83765
1.83492
1.83216
1.82937
1.82656
1.82373
1.82087
1.81798
1.81507
1.81213
1.80916
1.80617
1.80315
1.80011
1.79704
1.79394
1.79082
1.78767
1.7845
1.78129
1.77807
1.77481
1.77153
1.76822
1.76488
1.76152
1.75813
1.75471
1.75126
1.74779
1.74429
1.74076
1.73721
1.73363
1.73001
1.72638
1.72271
1.71902
1.71529
1.71154
1.70776
1.70396
1.70012
1.69626
1.69236
1.68844
1.68449
1.68051
1.67651
1.67247
1.66841
1.66431
1.66019
1.65604
1.65186
1.64764
1.6434
1.63914
1.63484
1.63051
1.62615
1.62176
1.61734
1.6129
1.60842
1.60391
1.59937
1.59481
1.59021
1.58558
1.58092
1.57624
1.57152
1.56677
1.56199
1.55718
1.55234
1.54746
1.54256
1.53763
1.53266
1.52767
1.52264
1.51759
1.5125
1.50738
1.50223
1.49705
1.49183
1.48659
1.48131
1.476
1.47066
1.46529
1.45989
1.45446
1.44899
1.44349
1.43797
1.4324
1.42681
1.42119
1.41553
1.40984
1.40412
1.39837
1.39258
1.38676
1.38091
1.37503
1.36912
1.36317
1.35719
1.35118
1.34514
1.33906
1.33295
1.32681
1.32064
1.31443
1.30819
1.30192
1.29562
1.28928
1.28291
1.27651
1.27007
1.26361
1.25711
1.25057
1.24401
1.23741
1.23078
1.22411
1.21742
1.21069
1.20392
1.19713
1.1903
1.18344
1.17654
1.16962
1.16266
1.15566
1.14864
1.14158
1.13449
1.12736
1.12021
1.11302
1.10579
1.09854
1.09125
1.08393
1.07657
1.06919
1.06177
1.05432
1.04683
1.03931
1.03176
1.02418
1.01656
1.00891
1.00123
0.993521
0.985775
0.977996
0.970185
0.962342
0.954466
0.946558
0.938618
0.930645
0.92264
0.914603
0.906534
0.898433
0.890299
0.882134
0.873937
0.865708
0.857447
0.849154
0.840829
0.832473
0.824085
0.815666
0.807215
0.798733
0.790219
0.781674
0.773098
0.764491
0.755853
0.747183
0.738483
0.729752
0.72099
0.712197
0.703374
0.69452
0.685636
0.676721
0.667776
0.658801
0.649796
0.64076
0.631695
0.6226
0.613476
0.604321
0.595137
0.585924
0.576681
0.56741
0.558109
0.548779
0.53942
0.530032
0.520616
0.511171
0.501698
0.492196
0.482667
0.473109
0.463523
0.453909
0.444268
0.434599
0.424903
0.415179
0.405428
0.39565
0.385846
0.376014
0.366156
0.356271
0.34636
0.336423
0.32646
0.31647
0.306455
0.296415
0.286349
0.276257
0.266141
0.255999
0.245833
0.235642
0.225427
0.215187
0.204923
0.194635
0.184323
0.173988
0.163629
0.153247
0.142841
0.132413
0.121962
0.111488
0.100992
0.0904737
0.0799332
0.069371
0.058787
0.0481816
0.037555
0.0269072
0.0162385
0.00554914
-0.00516072
-0.0158909
-0.0266411
-0.0374113
-0.0482011
-0.0590104
-0.0698389
-0.0806865
-0.091553
-0.102438
-0.113342
-0.124263
-0.135203
-0.14616
-0.157135
-0.168128
-0.179137
-0.190163
-0.201206
-0.212265
-0.223341
-0.234432
-0.245539
-0.256662
-0.267799
-0.278952
-0.29012
-0.301302
-0.312498
-0.323708
-0.334933
-0.34617
-0.357421
-0.368685
-0.379962
-0.391251
-0.402553
-0.413866
-0.425191
-0.436528
-0.447876
-0.459235
-0.470605
-0.481985
-0.493375
-0.504776
-0.516186
-0.527605
-0.539033
-0.55047
-0.561916
-0.57337
-0.584832
-0.596302
-0.607779
-0.619263
-0.630754
-0.642252
-0.653756
-0.665266
-0.676782
-0.688304
-0.69983
-0.711361
-0.722897
-0.734437
-0.745982
-0.757529
-0.769081
-0.780635
-0.792192
-0.803751
-0.815313
-0.826877
-0.838442
-0.850009
-0.861576
-0.873144
-0.884713
-0.896281
-0.907849
-0.919417
-0.930984
-0.942549
-0.954113
-0.965676
-0.977236
-0.988793
-1.00035
-1.0119
-1.02345
-1.03499
-1.04653
-1.05807
-1.0696
-1.08113
-1.09265
-1.10416
-1.11567
-1.12717
-1.13867
-1.15016
-1.16164
-1.17311
-1.18458
-1.19604
-1.20749
-1.21893
-1.23036
-1.24178
-1.25319
-1.26459
-1.27598
-1.28736
-1.29873
-1.31008
-1.32142
-1.33276
-1.34407
-1.35538
-1.36667
-1.37795
-1.38921
-1.40046
-1.4117
-1.42292
-1.43412
-1.44531
-1.45648
-1.46764
-1.47877
-1.4899
-1.501
-1.51209
-1.52315
-1.5342
-1.54523
-1.55624
-1.56723
-1.5782
-1.58915
-1.60008
-1.61099
-1.62188
-1.63274
-1.64359
-1.65441
-1.6652
-1.67598
-1.68673
-1.69745
-1.70816
-1.71883
-1.72949
-1.74012
-1.75072
-1.76129
-1.77184
-1.78236
-1.79286
-1.80333
-1.81377
-1.82418
-1.83456
-1.84492
-1.85524
-1.86554
-1.8758
-1.88604
-1.89624
-1.90642
-1.91656
-1.92667
-1.93675
-1.9468
-1.95681
-1.96679
-1.97674
-1.98665
-1.99653
-2.00637
-2.01618
-2.02595
-2.03569
-2.0454
-2.05506
-2.06469
-2.07428
-2.08384
-2.09336
-2.10284
-2.11228
-2.12168
-2.13104
-2.14037
-2.14965
-2.1589
-2.1681
-2.17726
-2.18639
-2.19547
-2.20451
-2.2135
-2.22246
-2.23137
-2.24024
-2.24906
-2.25784
-2.26658
-2.27527
-2.28392
-2.29252
-2.30108
-2.30959
-2.31806
-2.32648
-2.33485
-2.34317
-2.35145
-2.35968
-2.36786
-2.376
-2.38408
-2.39212
-2.4001
-2.40804
-2.41592
-2.42376
-2.43155
-2.43928
-2.44696
-2.4546
-2.46218
-2.4697
-2.47718
-2.4846
-2.49197
-2.49929
-2.50655
-2.51376
-2.52091
-2.52801
-2.53506
-2.54205
-2.54898
-2.55586
-2.56268
-2.56944
-2.57615
-2.58281
-2.5894
-2.59594
-2.60242
-2.60884
-2.6152
-2.62151
-2.62775
-2.63394
-2.64006
-2.64613
-2.65214
-2.65808
-2.66397
-2.6698
-2.67556
-2.68126
-2.68691
-2.69248
-2.698
-2.70346
-2.70885
-2.71418
-2.71945
-2.72465
-2.72979
-2.73486
-2.73988
-2.74482
-2.7497
-2.75452
-2.75928
-2.76396
-2.76858
-2.77314
-2.77763
-2.78205
-2.78641
-2.7907
-2.79493
-2.79908
-2.80317
-2.80719
-2.81115
-2.81503
-2.81885
-2.8226
-2.82628
-2.8299
-2.83344
-2.83691
-2.84032
-2.84365
-2.84692
-2.85011
-2.85324
-2.8563
-2.85928
-2.86219
-2.86504
-2.86781
-2.87051
-2.87314
-2.8757
-2.87818
-2.8806
-2.88294
-2.88521
-2.88741
-2.88953
-2.89159
-2.89357
-2.89547
-2.89731
-2.89907
-2.90075
-2.90237
-2.90391
-2.90537
-2.90677
-2.90808
-2.90933
-2.9105
-2.91159
-2.91261
-2.91356
-2.91443
-2.91523
-2.91595
-2.9166
-2.91717
-2.91766
-2.91808
-2.91843
-2.9187
-2.91889
-2.91901
-2.91905
-2.91901
-2.9189
-2.91872
-2.91845
-2.91812
-2.9177
-2.91721
-2.91664
-2.916
-2.91527
-2.91448
-2.9136
-2.91265
-2.91162
-2.91052
-2.90933
-2.90808
-2.90674
-2.90533
-2.90384
-2.90227
-2.90063
-2.8989
-2.8971
-2.89523
-2.89328
-2.89125
-2.88914
-2.88695
-2.88469
-2.88235
-2.87993
-2.87744
-2.87487
-2.87222
-2.86949
-2.86669
-2.86381
-2.86085
-2.85782
-2.85471
-2.85152
-2.84825
-2.84491
-2.84149
-2.83799
-2.83442
-2.83077
-2.82704
-2.82323
-2.81935
-2.81539
-2.81136
-2.80725
-2.80306
-2.79879
-2.79445
-2.79003
-2.78554
-2.78097
-2.77632
-2.7716
-2.7668
-2.76193
-2.75698
-2.75195
-2.74685
-2.74167
-2.73642
-2.73109
-2.72569
-2.72021
-2.71466
-2.70903
-2.70333
-2.69755
-2.6917
-2.68577
-2.67977
-2.6737
-2.66755
-2.66133
-2.65503
-2.64866
-2.64222
-2.6357
-2.62911
-2.62245
-2.61571
-2.6089
-2.60202
-2.59507
-2.58804
-2.58095
-2.57378
-2.56653
-2.55922
-2.55184
-2.54438
-2.53686
-2.52926
-2.52159
-2.51385
-2.50604
-2.49816
-2.49022
-2.4822
-2.47411
-2.46595
-2.45773
-2.44943
-2.44107
-2.43264
-2.42414
-2.41557
-2.40693
-2.39823
-2.38946
-2.38062
-2.37172
-2.36275
-2.35371
-2.34461
-2.33544
-2.3262
-2.3169
-2.30754
-2.29811
-2.28861
-2.27906
-2.26943
-2.25975
-2.25
-2.24018
-2.23031
-2.22037
-2.21037
-2.2003
-2.19018
-2.17999
-2.16974
-2.15943
-2.14906
-2.13863
-2.12814
-2.11759
-2.10698
-2.09631
-2.08558
-2.07479
-2.06395
-2.05304
-2.04208
-2.03106
-2.01998
-2.00885
-1.99766
-1.98642
-1.97512
-1.96376
-1.95235
-1.94088
-1.92936
-1.91778
-1.90615
-1.89447
-1.88274
-1.87095
-1.85911
-1.84721
-1.83527
-1.82327
-1.81122
-1.79912
-1.78697
-1.77478
-1.76253
-1.75023
-1.73788
-1.72549
-1.71304
-1.70055
-1.68801
-1.67543
-1.6628
-1.65012
-1.63739
-1.62462
-1.61181
-1.59895
-1.58604
-1.57309
-1.5601
-1.54706
-1.53398
-1.52086
-1.5077
-1.4945
-1.48125
-1.46796
-1.45463
-1.44127
-1.42786
-1.41441
-1.40093
-1.3874
-1.37384
-1.36024
-1.3466
-1.33293
-1.31922
-1.30547
-1.29169
-1.27787
-1.26402
-1.25013
-1.23621
-1.22226
-1.20827
-1.19425
-1.1802
-1.16612
-1.152
-1.13786
-1.12368
-1.10947
-1.09524
-1.08097
-1.06668
-1.05235
-1.038
-1.02363
-1.00922
-0.994789
-0.980331
-0.965848
-0.951339
-0.936805
-0.922248
-0.907666
-0.89306
-0.878432
-0.863781
-0.849108
-0.834413
-0.819697
-0.80496
-0.790203
-0.775425
-0.760629
-0.745813
-0.730979
-0.716127
-0.701257
-0.68637
-0.671466
-0.656546
-0.64161
-0.626659
-0.611693
-0.596712
-0.581718
-0.56671
-0.551688
-0.536655
-0.521609
-0.506551
-0.491482
-0.476403
-0.461313
-0.446213
-0.431104
-0.415986
-0.40086
-0.385725
-0.370583
-0.355434
-0.340278
-0.325117
-0.309949
-0.294776
-0.279599
-0.264417
-0.249232
-0.234043
-0.218851
-0.203656
-0.18846
-0.173262
-0.158063
-0.142864
-0.127664
-0.112465
-0.0972667
-0.0820695
-0.066874
-0.0516806
-0.03649
-0.0213024
-0.00611836
0.00906164
0.0242372
0.0394077
0.0545729
0.0697323
0.0848853
0.100032
0.115171
0.130302
0.145425
0.16054
0.175645
0.190741
0.205827
0.220903
0.235968
0.251021
0.266063
0.281092
0.296109
0.311113
0.326103
0.341079
0.35604
0.370987
0.385918
0.400833
0.415733
0.430615
0.445481
0.460328
0.475158
0.489969
0.504762
0.519535
0.534288
0.549021
0.563733
0.578424
0.593094
0.607742
0.622367
0.63697
0.651549
0.666105
0.680636
0.695143
0.709625
0.724082
0.738513
0.752917
0.767295
0.781646
0.79597
0.810265
0.824532
0.838771
0.85298
0.86716
0.88131
0.895429
0.909518
0.923575
0.937601
0.951595
0.965557
0.979485
0.993381
1.00724
1.02107
1.03486
1.04862
1.06235
1.07603
1.08969
1.1033
1.11688
1.13042
1.14393
1.15739
1.17082
1.18421
1.19756
1.21087
1.22415
1.23738
1.25057
1.26372
1.27683
1.2899
1.30292
1.31591
1.32885
1.34174
1.3546
1.36741
1.38017
1.3929
1.40557
1.41821
1.43079
1.44333
1.45583
1.46828
1.48068
1.49303
1.50534
1.5176
1.52981
1.54198
1.55409
1.56615
1.57817
1.59014
1.60205
1.61392
1.62573
1.6375
1.64921
1.66087
1.67248
1.68404
1.69554
1.70699
1.71839
1.72974
1.74103
1.75227
1.76345
1.77458
1.78566
1.79668
1.80764
1.81855
1.8294
1.8402
1.85094
1.86162
1.87225
1.88282
1.89333
1.90379
1.91418
1.92452
1.9348
1.94502
1.95519
1.96529
1.97533
1.98532
1.99524
2.00511
2.01491
2.02465
2.03434
2.04396
2.05352
2.06302
2.07246
2.08183
2.09115
2.1004
2.10959
2.11871
2.12778
2.13678
2.14571
2.15459
2.1634
2.17214
2.18083
2.18944
2.198
2.20649
2.21491
2.22327
2.23157
2.2398
2.24796
2.25606
2.26409
2.27206
2.27996
2.28779
2.29556
2.30326
2.3109
2.31847
2.32597
2.33341
2.34077
2.34807
2.35531
2.36247
2.36957
2.3766
2.38356
2.39046
2.39728
2.40404
2.41073
2.41735
2.42391
2.43039
2.43681
2.44315
2.44943
2.45564
2.46178
2.46785
2.47385
2.47978
2.48565
2.49144
2.49716
2.50282
2.5084
2.51392
2.51936
2.52474
2.53004
2.53528
2.54044
2.54554
2.55056
2.55552
2.5604
2.56522
2.56996
2.57464
2.57924
2.58377
2.58824
2.59263
2.59695
2.6012
2.60539
2.6095
2.61354
2.61751
2.62141
2.62524
2.629
2.63268
2.6363
2.63985
2.64333
2.64673
2.65007
2.65334
2.65653
2.65966
2.66271
2.6657
2.66861
2.67145
2.67423
2.67693
2.67957
2.68213
2.68462
2.68705
2.6894
2.69168
2.6939
2.69604
2.69812
2.70012
2.70206
2.70392
2.70572
2.70745
2.7091
2.71069
2.71221
2.71366
2.71504
2.71636
2.7176
2.71878
2.71988
2.72092
2.72189
2.72279
2.72362
2.72439
2.72508
2.72571
2.72627
2.72677
2.72719
2.72755
2.72784
2.72807
2.72822
2.72831
2.72833
2.72829
2.72818
2.728
2.72776
2.72745
2.72707
2.72663
2.72612
2.72555
2.72491
2.72421
2.72344
2.72261
2.72171
2.72074
2.71972
2.71862
2.71747
2.71625
2.71496
2.71361
2.7122
2.71072
2.70919
2.70758
2.70592
2.70419
2.7024
2.70055
2.69863
2.69666
2.69462
2.69252
2.69036
2.68814
2.68585
2.68351
2.6811
2.67864
2.67611
2.67353
2.67088
2.66818
2.66541
2.66259
2.65971
2.65677
2.65377
2.65071
2.64759
2.64442
2.64119
2.6379
2.63455
2.63115
2.62769
2.62417
2.6206
2.61697
2.61328
2.60954
2.60575
2.6019
2.59799
2.59403
2.59001
2.58594
2.58182
2.57764
2.57341
2.56913
2.56479
2.5604
2.55596
2.55146
2.54692
2.54232
2.53767
2.53297
2.52821
2.52341
2.51856
2.51365
2.5087
2.5037
2.49864
2.49354
2.48839
2.48319
2.47794
2.47265
2.4673
2.46191
2.45647
2.45098
2.44545
2.43987
2.43425
2.42857
2.42286
2.41709
2.41129
2.40543
2.39954
2.39359
2.38761
2.38158
2.37551
2.36939
2.36323
2.35703
2.35078
2.3445
2.33817
2.3318
2.32539
2.31894
2.31244
2.30591
2.29934
2.29272
2.28607
2.27938
2.27265
2.26588
2.25907
2.25222
2.24534
2.23842
2.23146
2.22446
2.21743
2.21036
2.20326
2.19612
2.18894
2.18173
2.17448
2.1672
2.15989
2.15254
2.14516
2.13774
2.13029
2.12281
2.11529
2.10774
2.10016
2.09255
2.08491
2.07724
2.06953
2.0618
2.05403
2.04624
2.03841
2.03056
2.02267
2.01476
2.00682
1.99885
1.99085
1.98283
1.97478
1.9667
1.95859
1.95046
1.9423
1.93412
1.92591
1.91767
1.90941
1.90113
1.89282
1.88448
1.87613
1.86774
1.85934
1.85091
1.84246
1.83399
1.82549
1.81698
1.80844
1.79988
1.7913
1.7827
1.77408
1.76544
1.75677
1.74809
1.73939
1.73067
1.72193
1.71318
1.7044
1.69561
1.6868
1.67797
1.66912
1.66026
1.65138
1.64249
1.63358
1.62465
1.61571
1.60675
1.59778
1.58879
1.57979
1.57077
1.56174
1.5527
1.54365
1.53458
1.52549
1.5164
1.50729
1.49817
1.48904
1.4799
1.47075
1.46158
1.45241
1.44322
1.43403
1.42482
1.41561
1.40638
1.39715
1.38791
1.37865
1.36939
1.36013
1.35085
1.34157
1.33228
1.32298
1.31367
1.30436
1.29504
1.28572
1.27639
1.26705
1.25771
1.24836
1.23901
1.22965
1.22029
1.21092
1.20155
1.19218
1.1828
1.17342
1.16404
1.15465
1.14526
1.13587
1.12647
1.11707
1.10767
1.09827
1.08887
1.07947
1.07006
1.06066
1.05125
1.04185
1.03244
1.02303
1.01363
1.00422
0.994817
0.985413
0.976009
0.966607
0.957207
0.947808
0.938411
0.929016
0.919623
0.910233
0.900845
0.89146
0.882078
0.872699
0.863323
0.853951
0.844583
0.835219
0.825859
0.816503
0.807151
0.797804
0.788462
0.779125
0.769793
0.760466
0.751145
0.741829
0.732519
0.723215
0.713917
0.704626
0.695341
0.686063
0.676791
0.667527
0.658269
0.649019
0.639776
0.630541
0.621313
0.612093
0.602882
0.593678
0.584483
0.575296
0.566118
0.556948
0.547787
0.538636
0.529493
0.52036
0.511236
0.502121
0.493017
0.483922
0.474837
0.465762
0.456697
0.447642
0.438598
0.429565
0.420542
0.41153
0.402528
0.393538
0.384559
0.375591
0.366635
0.35769
0.348756
0.339834
0.330924
0.322026
0.31314
0.304266
0.295404
0.286555
0.277717
0.268893
0.260081
0.251281
0.242495
0.233721
0.22496
0.216212
0.207477
0.198756
0.190048
0.181353
0.172671
0.164004
0.155349
0.146709
0.138082
0.129469
0.12087
0.112285
0.103714
0.0951577
0.0866151
0.0780868
0.0695729
0.0610734
0.0525883
0.0441178
0.0356618
0.0272206
0.018794
0.0103822
0.00198523
-0.00639685
-0.014764
-0.0231161
-0.0314533
-0.0397753
-0.0480821
-0.0563738
-0.0646503
-0.0729114
-0.0811573
-0.0893877
-0.0976028
-0.105802
-0.113986
-0.122155
-0.130308
-0.138445
-0.146567
-0.154673
-0.162764
-0.170838
-0.178897
-0.18694
-0.194967
-0.202979
-0.210974
-0.218953
-0.226917
-0.234865
-0.242796
-0.250712
-0.258611
-0.266495
-0.274362
-0.282214
-0.290049
-0.297868
-0.305671
-0.313458
-0.321229
-0.328983
-0.336722
-0.344444
-0.35215
-0.359839
-0.367513
-0.37517
-0.382811
-0.390436
-0.398044
-0.405637
-0.413213
-0.420773
-0.428316
-0.435843
-0.443355
-0.450849
-0.458328
-0.46579
-0.473236
-0.480666
-0.48808
-0.495477
-0.502858
-0.510223
-0.517572
-0.524904
-0.532221
-0.539521
-0.546805
-0.554073
-0.561325
-0.56856
-0.57578
-0.582983
-0.590171
-0.597342
-0.604497
-0.611637
-0.61876
-0.625867
-0.632958
-0.640033
-0.647093
-0.654136
-0.661164
-0.668175
-0.675171
-0.682151
-0.689115
-0.696064
-0.702996
-0.709913
-0.716814
-0.7237
-0.730569
-0.737423
-0.744262
-0.751085
-0.757892
-0.764684
-0.77146
-0.778221
-0.784967
-0.791697
-0.798411
-0.80511
-0.811794
-0.818463
-0.825116
-0.831754
-0.838377
-0.844985
-0.851577
-0.858154
-0.864717
-0.871264
-0.877796
-0.884313
-0.890816
-0.897303
-0.903775
-0.910233
-0.916675
-0.923103
-0.929516
-0.935915
-0.942298
-0.948667
-0.955022
-0.961361
-0.967687
-0.973997
-0.980293
-0.986575
-0.992842
-0.999095
-1.00533
-1.01156
-1.01777
-1.02396
-1.03014
-1.03631
-1.04246
-1.0486
-1.05473
-1.06084
-1.06693
-1.07302
-1.07909
-1.08514
-1.09118
-1.09721
-1.10322
-1.10922
-1.1152
-1.12118
-1.12713
-1.13308
-1.13901
-1.14493
-1.15083
-1.15672
-1.16259
-1.16846
-1.17431
-1.18014
-1.18596
-1.19177
-1.19757
-1.20335
-1.20912
-1.21487
-1.22062
-1.22634
-1.23206
-1.23776
-1.24345
-1.24913
-1.25479
-1.26044
-1.26608
-1.2717
-1.27731
-1.28291
-1.28849
-1.29407
-1.29962
-1.30517
-1.3107
-1.31622
-1.32173
-1.32722
-1.33271
-1.33817
-1.34363
-1.34907
-1.3545
-1.35992
-1.36532
-1.37072
-1.37609
-1.38146
-1.38681
-1.39216
-1.39748
-1.4028
-1.4081
-1.41339
-1.41867
-1.42393
-1.42919
-1.43443
-1.43965
-1.44487
-1.45007
-1.45526
-1.46043
-1.4656
-1.47075
-1.47589
-1.48101
-1.48613
-1.49123
-1.49631
-1.50139
-1.50645
-1.5115
-1.51654
-1.52156
-1.52657
-1.53157
-1.53656
-1.54153
-1.54649
-1.55144
-1.55638
-1.5613
-1.56621
-1.57111
-1.57599
-1.58086
-1.58572
-1.59057
-1.5954
-1.60022
-1.60503
-1.60982
-1.6146
-1.61937
-1.62413
-1.62887
-1.6336
-1.63831
-1.64301
-1.6477
-1.65238
-1.65704
-1.66169
-1.66633
-1.67095
-1.67556
-1.68016
-1.68474
-1.68931
-1.69387
-1.69841
-1.70294
-1.70745
-1.71195
-1.71644
-1.72091
-1.72537
-1.72982
-1.73425
-1.73867
-1.74307
-1.74747
-1.75184
-1.7562
-1.76055
-1.76488
-1.7692
-1.77351
-1.7778
-1.78207
-1.78633
-1.79058
-1.79481
-1.79903
-1.80323
-1.80742
-1.81159
-1.81575
-1.81989
-1.82402
-1.82813
-1.83223
-1.83631
-1.84037
-1.84442
-1.84846
-1.85248
-1.85648
-1.86047
-1.86444
-1.8684
-1.87234
-1.87626
-1.88017
-1.88406
-1.88793
-1.89179
-1.89563
-1.89946
-1.90327
-1.90706
-1.91083
-1.91459
-1.91833
-1.92206
-1.92576
-1.92945
-1.93312
-1.93678
-1.94041
-1.94403
-1.94763
-1.95122
-1.95478
-1.95833
-1.96186
-1.96537
-1.96886
-1.97233
-1.97579
-1.97922
-1.98264
-1.98604
-1.98942
-1.99278
-1.99612
-1.99944
-2.00274
-2.00602
-2.00928
-2.01253
-2.01575
-2.01895
-2.02213
-2.0253
-2.02844
-2.03156
-2.03466
-2.03774
-2.0408
-2.04383
-2.04685
-2.04984
-2.05282
-2.05577
-2.0587
-2.06161
-2.06449
-2.06736
-2.0702
-2.07302
-2.07582
-2.07859
-2.08135
-2.08408
-2.08678
-2.08946
-2.09212
-2.09476
-2.09737
-2.09996
-2.10253
-2.10507
-2.10759
-2.11008
-2.11255
-2.115
-2.11742
-2.11981
-2.12218
-2.12453
-2.12685
-2.12914
-2.13141
-2.13365
-2.13587
-2.13806
-2.14023
-2.14237
-2.14448
-2.14657
-2.14863
-2.15066
-2.15267
-2.15465
-2.1566
-2.15852
-2.16042
-2.16229
-2.16413
-2.16594
-2.16773
-2.16949
-2.17121
-2.17291
-2.17459
-2.17623
-2.17784
-2.17942
-2.18098
-2.1825
-2.184
-2.18546
-2.1869
-2.1883
-2.18968
-2.19102
-2.19234
-2.19362
-2.19487
-2.19609
-2.19728
-2.19844
-2.19956
-2.20066
-2.20172
-2.20275
-2.20375
-2.20471
-2.20565
-2.20655
-2.20742
-2.20825
-2.20905
-2.20982
-2.21056
-2.21126
-2.21192
-2.21256
-2.21316
-2.21372
-2.21425
-2.21475
-2.21521
-2.21564
-2.21603
-2.21638
-2.2167
-2.21699
-2.21724
-2.21745
-2.21763
-2.21777
-2.21787
-2.21794
-2.21797
-2.21797
-2.21793
-2.21785
-2.21773
-2.21758
-2.21739
-2.21716
-2.21689
-2.21659
-2.21624
-2.21586
-2.21544
-2.21498
-2.21449
-2.21395
-2.21337
-2.21276
-2.2121
-2.21141
-2.21068
-2.2099
-2.20909
-2.20824
-2.20734
-2.20641
-2.20544
-2.20442
-2.20336
-2.20227
-2.20113
-2.19995
-2.19873
-2.19747
-2.19616
-2.19482
-2.19343
-2.192
-2.19052
-2.18901
-2.18745
-2.18585
-2.18421
-2.18252
-2.18079
-2.17902
-2.17721
-2.17535
-2.17345
-2.1715
-2.16951
-2.16748
-2.1654
-2.16328
-2.16111
-2.1589
-2.15664
-2.15434
-2.152
-2.14961
-2.14717
-2.14469
-2.14216
-2.13959
-2.13698
-2.13431
-2.13161
-2.12885
-2.12605
-2.12321
-2.12031
-2.11737
-2.11439
-2.11136
-2.10828
-2.10516
-2.10198
-2.09877
-2.0955
-2.09219
-2.08883
-2.08542
-2.08197
-2.07846
-2.07491
-2.07132
-2.06767
-2.06398
-2.06024
-2.05645
-2.05261
-2.04873
-2.04479
-2.04081
-2.03678
-2.0327
-2.02858
-2.0244
-2.02018
-2.0159
-2.01158
-2.00721
-2.00279
-1.99832
-1.9938
-1.98924
-1.98462
-1.97995
-1.97524
-1.97047
-1.96566
-1.9608
-1.95588
-1.95092
-1.94591
-1.94085
-1.93573
-1.93057
-1.92536
-1.9201
-1.91479
-1.90943
-1.90402
-1.89856
-1.89305
-1.88749
-1.88187
-1.87621
-1.8705
-1.86474
-1.85893
-1.85307
-1.84716
-1.84119
-1.83518
-1.82912
-1.82301
-1.81684
-1.81063
-1.80437
-1.79805
-1.79169
-1.78527
-1.77881
-1.77229
-1.76573
-1.75911
-1.75245
-1.74573
-1.73897
-1.73215
-1.72528
-1.71837
-1.7114
-1.70438
-1.69732
-1.6902
-1.68303
-1.67582
-1.66855
-1.66123
-1.65387
-1.64645
-1.63898
-1.63147
-1.6239
-1.61629
-1.60862
-1.60091
-1.59314
-1.58533
-1.57747
-1.56955
-1.56159
-1.55358
-1.54552
-1.53741
-1.52926
-1.52105
-1.51279
-1.50449
-1.49614
-1.48774
-1.47929
-1.47079
-1.46224
-1.45364
-1.445
-1.43631
-1.42757
-1.41878
-1.40995
-1.40107
-1.39213
-1.38316
-1.37413
-1.36506
-1.35594
-1.34677
-1.33756
-1.3283
-1.31899
-1.30964
-1.30024
-1.29079
-1.2813
-1.27176
-1.26218
-1.25255
-1.24287
-1.23315
-1.22338
-1.21357
-1.20371
-1.19381
-1.18387
-1.17388
-1.16384
-1.15376
-1.14364
-1.13347
-1.12326
-1.113
-1.1027
-1.09236
-1.08197
-1.07155
-1.06107
-1.05056
-1.04001
-1.02941
-1.01877
-1.00808
-0.99736
-0.986595
-0.975788
-0.96494
-0.954051
-0.943122
-0.932152
-0.921141
-0.910091
-0.899001
-0.887871
-0.876701
-0.865493
-0.854245
-0.842959
-0.831634
-0.82027
-0.808869
-0.797429
-0.785952
-0.774437
-0.762885
-0.751296
-0.739671
-0.728008
-0.71631
-0.704576
-0.692805
-0.680999
-0.669158
-0.657282
-0.645371
-0.633426
-0.621446
-0.609432
-0.597385
-0.585304
-0.57319
-0.561042
-0.548862
-0.53665
-0.524406
-0.512129
-0.499821
-0.487482
-0.475112
-0.462711
-0.450279
-0.437817
-0.425326
-0.412804
-0.400254
-0.387674
-0.375066
-0.362429
-0.349764
-0.337071
-0.324351
-0.311603
-0.298829
-0.286028
-0.2732
-0.260347
-0.247468
-0.234563
-0.221634
-0.20868
-0.195701
-0.182698
-0.169672
-0.156622
-0.143549
-0.130453
-0.117335
-0.104194
-0.0910318
-0.0778481
-0.0646432
-0.0514176
-0.0381715
-0.0249053
-0.0116193
0.00168605
0.0150105
0.0283537
0.0417153
0.0550949
0.0684921
0.0819067
0.0953383
0.108786
0.122251
0.135731
0.149227
0.162738
0.176264
0.189804
0.203359
0.216927
0.230508
0.244103
0.25771
0.271329
0.28496
0.298603
0.312256
0.325921
0.339596
0.35328
0.366975
0.380678
0.394391
0.408111
0.42184
0.435577
0.44932
0.463071
0.476828
0.490592
0.504361
0.518135
0.531914
0.545698
0.559486
0.573277
0.587072
0.60087
0.614671
0.628473
0.642278
0.656083
0.66989
0.683697
0.697504
0.711311
0.725117
0.738922
0.752726
0.766528
0.780327
0.794124
0.807917
0.821707
0.835493
0.849274
0.863051
0.876822
0.890588
0.904348
0.918101
0.931847
0.945586
0.959318
0.973041
0.986755
1.00046
1.01416
1.02784
1.04152
1.05518
1.06884
1.08248
1.09611
1.10973
1.12334
1.13693
1.15051
1.16407
1.17762
1.19116
1.20468
1.21818
1.23167
1.24514
1.2586
1.27203
1.28545
1.29885
1.31223
1.3256
1.33894
1.35226
1.36557
1.37885
1.39211
1.40535
1.41856
1.43176
1.44493
1.45808
1.4712
1.4843
1.49737
1.51042
1.52345
1.53645
1.54942
1.56236
1.57528
1.58817
1.60103
1.61386
1.62667
1.63944
1.65219
1.6649
1.67759
1.69024
1.70286
1.71545
1.72801
1.74053
1.75302
1.76548
1.7779
1.79029
1.80265
1.81497
1.82725
1.8395
1.85171
1.86388
1.87602
1.88812
1.90018
1.9122
1.92418
1.93613
1.94803
1.9599
1.97172
1.9835
1.99524
2.00694
2.0186
2.03021
2.04179
2.05331
2.0648
2.07624
2.08763
2.09898
2.11029
2.12155
2.13276
2.14393
2.15505
2.16612
2.17715
2.18812
2.19905
2.20993
2.22076
2.23154
2.24227
2.25295
2.26358
2.27416
2.28468
2.29516
2.30558
2.31595
2.32627
2.33653
2.34674
2.3569
2.367
2.37704
2.38704
2.39697
2.40685
2.41667
2.42644
2.43615
2.4458
2.4554
2.46494
2.47442
2.48384
2.4932
2.5025
2.51174
2.52092
2.53005
2.53911
2.54811
2.55705
2.56592
2.57474
2.58349
2.59218
2.60081
2.60937
2.61787
2.62631
2.63468
2.64299
2.65123
2.65941
2.66752
2.67557
2.68355
2.69146
2.69931
2.70709
2.7148
2.72245
2.73003
2.73753
2.74498
2.75235
2.75965
2.76689
2.77405
2.78115
2.78817
2.79513
2.80201
2.80883
2.81557
2.82224
2.82884
2.83537
2.84183
2.84821
2.85452
2.86076
2.86692
2.87302
2.87903
2.88498
2.89085
2.89665
2.90237
2.90801
2.91359
2.91908
2.92451
2.92985
2.93512
2.94032
2.94544
2.95048
2.95544
2.96033
2.96514
2.96988
2.97453
2.97911
2.98362
2.98804
2.99238
2.99665
3.00084
3.00495
3.00898
3.01294
3.01681
3.0206
3.02432
3.02795
3.03151
3.03498
3.03838
3.0417
3.04493
3.04808
3.05116
3.05415
3.05706
3.05989
3.06264
3.06531
3.0679
3.07041
3.07283
3.07517
3.07743
3.07961
3.08171
3.08372
3.08566
3.08751
3.08927
3.09096
3.09256
3.09408
3.09552
3.09687
3.09814
3.09933
3.10044
3.10146
3.1024
3.10325
3.10403
3.10472
3.10532
3.10584
3.10628
3.10664
3.10691
3.1071
3.1072
3.10722
3.10716
3.10701
3.10678
3.10647
3.10607
3.10559
3.10502
3.10437
3.10364
3.10282
3.10192
3.10094
3.09987
3.09872
3.09748
3.09616
3.09476
3.09327
3.0917
3.09005
3.08831
3.08649
3.08458
3.08259
3.08052
3.07837
3.07613
3.0738
3.0714
3.06891
3.06634
3.06368
3.06095
3.05813
3.05522
3.05224
3.04917
3.04602
3.04278
3.03947
3.03607
3.03259
3.02902
3.02538
3.02165
3.01784
3.01395
3.00998
3.00592
3.00179
2.99757
2.99328
2.9889
2.98444
2.9799
2.97528
2.97057
2.96579
2.96093
2.95599
2.95097
2.94587
2.94069
2.93543
2.93009
2.92467
2.91917
2.91359
2.90794
2.9022
2.89639
2.8905
2.88453
2.87849
2.87237
2.86617
2.85989
2.85354
2.8471
2.8406
2.83401
2.82735
2.82062
2.81381
2.80692
2.79996
2.79292
2.78581
2.77862
2.77136
2.76403
2.75662
2.74914
2.74158
2.73395
2.72625
2.71848
2.71063
2.70271
2.69472
2.68666
2.67852
2.67032
2.66204
2.6537
2.64528
2.63679
2.62824
2.61961
2.61092
2.60215
2.59332
2.58442
2.57545
2.56641
2.55731
2.54814
2.5389
2.52959
2.52022
2.51078
2.50128
2.49171
2.48208
2.47238
2.46262
2.45279
2.4429
2.43295
2.42293
2.41285
2.40271
2.3925
2.38224
2.37191
2.36152
2.35107
2.34056
2.32999
2.31936
2.30867
2.29792
2.28712
2.27625
2.26533
2.25435
2.24331
2.23221
2.22106
2.20985
2.19859
2.18727
2.17589
2.16446
2.15298
2.14144
2.12985
2.11821
2.10651
2.09476
2.08296
2.07111
2.0592
2.04724
2.03524
2.02318
2.01108
1.99892
1.98672
1.97446
1.96216
1.94981
1.93742
1.92498
1.91249
1.89995
1.88737
1.87474
1.86207
1.84935
1.83659
1.82379
1.81094
1.79805
1.78512
1.77215
1.75913
1.74608
1.73298
1.71984
1.70666
1.69345
1.68019
1.6669
1.65356
1.64019
1.62678
1.61334
1.59986
1.58634
1.57279
1.5592
1.54558
1.53192
1.51823
1.50451
1.49075
1.47697
1.46315
1.44929
1.43541
1.4215
1.40755
1.39358
1.37957
1.36554
1.35148
1.33739
1.32328
1.30913
1.29496
1.28077
1.26655
1.2523
1.23803
1.22373
1.20941
1.19507
1.1807
1.16631
1.1519
1.13747
1.12301
1.10854
1.09404
1.07953
1.065
1.05044
1.03587
1.02128
1.00668
0.992054
0.977413
0.962757
0.948085
0.933398
0.918697
0.90398
0.889251
0.874507
0.859751
0.844983
0.830202
0.81541
0.800607
0.785794
0.77097
0.756137
0.741294
0.726443
0.711583
0.696716
0.681841
0.666959
0.652071
0.637177
0.622277
0.607373
0.592463
0.57755
0.562633
0.547712
0.532789
0.517863
0.502936
0.488007
0.473077
0.458147
0.443216
0.428286
0.413357
0.398429
0.383503
0.368579
0.353658
0.338739
0.323824
0.308914
0.294007
0.279106
0.26421
0.249319
0.234435
0.219558
0.204687
0.189824
0.174969
0.160123
0.145285
0.130457
0.115638
0.10083
0.0860318
0.071245
0.0564696
0.0417061
0.0269549
0.0122165
-0.00250877
-0.0172204
-0.031918
-0.0466011
-0.0612694
-0.0759223
-0.0905595
-0.105181
-0.119785
-0.134372
-0.148943
-0.163495
-0.178029
-0.192544
-0.20704
-0.221517
-0.235974
-0.250411
-0.264827
-0.279222
-0.293595
-0.307946
-0.322275
-0.336582
-0.350865
-0.365125
-0.37936
-0.393572
-0.407759
-0.421921
-0.436057
-0.450167
-0.464251
-0.478309
-0.492339
-0.506342
-0.520318
-0.534265
-0.548184
-0.562073
-0.575934
-0.589764
-0.603565
-0.617336
-0.631075
-0.644784
-0.658461
-0.672106
-0.685719
-0.699299
-0.712846
-0.72636
-0.739841
-0.753287
-0.766699
-0.780077
-0.793419
-0.806726
-0.819998
-0.833233
-0.846432
-0.859594
-0.872719
-0.885807
-0.898857
-0.911869
-0.924842
-0.937777
-0.950673
-0.96353
-0.976346
-0.989123
-1.00186
-1.01456
-1.02721
-1.03982
-1.0524
-1.06493
-1.07742
-1.08986
-1.10226
-1.11462
-1.12694
-1.13921
-1.15144
-1.16363
-1.17577
-1.18787
-1.19992
-1.21192
-1.22388
-1.2358
-1.24766
-1.25949
-1.27126
-1.28299
-1.29467
-1.3063
-1.31789
-1.32942
-1.34091
-1.35235
-1.36375
-1.37509
-1.38638
-1.39763
-1.40882
-1.41997
-1.43106
-1.44211
-1.4531
-1.46404
-1.47493
-1.48577
-1.49656
-1.5073
-1.51799
-1.52862
-1.5392
-1.54973
-1.5602
-1.57062
-1.58099
-1.59131
-1.60157
-1.61178
-1.62193
-1.63203
-1.64208
-1.65207
-1.662
-1.67188
-1.68171
-1.69148
-1.70119
-1.71085
-1.72046
-1.73001
-1.7395
-1.74893
-1.75831
-1.76763
-1.7769
-1.78611
-1.79526
-1.80435
-1.81339
-1.82237
-1.83129
-1.84015
-1.84896
-1.85771
-1.8664
-1.87503
-1.8836
-1.89212
-1.90057
-1.90897
-1.91731
-1.92559
-1.93381
-1.94197
-1.95007
-1.95811
-1.96609
-1.97401
-1.98188
-1.98968
-1.99742
-2.00511
-2.01273
-2.02029
-2.02779
-2.03524
-2.04262
-2.04994
-2.0572
-2.0644
-2.07154
-2.07862
-2.08564
-2.09259
-2.09949
-2.10632
-2.1131
-2.11981
-2.12646
-2.13305
-2.13958
-2.14605
-2.15246
-2.1588
-2.16508
-2.17131
-2.17747
-2.18357
-2.1896
-2.19558
-2.2015
-2.20735
-2.21314
-2.21887
-2.22454
-2.23015
-2.23569
-2.24117
-2.2466
-2.25196
-2.25726
-2.26249
-2.26767
-2.27278
-2.27783
-2.28283
-2.28775
-2.29262
-2.29743
-2.30217
-2.30686
-2.31148
-2.31604
-2.32054
-2.32497
-2.32935
-2.33367
-2.33792
-2.34211
-2.34624
-2.35031
-2.35432
-2.35827
-2.36216
-2.36598
-2.36975
-2.37345
-2.3771
-2.38068
-2.3842
-2.38767
-2.39107
-2.39441
-2.39769
-2.40091
-2.40407
-2.40717
-2.41021
-2.41319
-2.41611
-2.41897
-2.42178
-2.42452
-2.4272
-2.42982
-2.43239
-2.43489
-2.43734
-2.43972
-2.44205
-2.44432
-2.44653
-2.44868
-2.45077
-2.45281
-2.45478
-2.4567
-2.45856
-2.46036
-2.46211
-2.46379
-2.46542
-2.467
-2.46851
-2.46997
-2.47137
-2.47271
-2.474
-2.47523
-2.4764
-2.47752
-2.47858
-2.47959
-2.48054
-2.48143
-2.48227
-2.48305
-2.48378
-2.48445
-2.48507
-2.48563
-2.48613
-2.48659
-2.48699
-2.48733
-2.48762
-2.48786
-2.48804
-2.48817
-2.48824
-2.48826
-2.48823
-2.48815
-2.48801
-2.48782
-2.48758
-2.48729
-2.48694
-2.48654
-2.48609
-2.48559
-2.48504
-2.48443
-2.48378
-2.48307
-2.48232
-2.48151
-2.48065
-2.47975
-2.47879
-2.47778
-2.47673
-2.47562
-2.47447
-2.47327
-2.47201
-2.47071
-2.46936
-2.46797
-2.46652
-2.46503
-2.46349
-2.4619
-2.46027
-2.45859
-2.45686
-2.45508
-2.45326
-2.4514
-2.44948
-2.44752
-2.44552
-2.44347
-2.44138
-2.43924
-2.43705
-2.43483
-2.43255
-2.43024
-2.42788
-2.42547
-2.42302
-2.42053
-2.418
-2.41542
-2.41281
-2.41015
-2.40744
-2.4047
-2.40191
-2.39908
-2.39621
-2.3933
-2.39035
-2.38736
-2.38433
-2.38126
-2.37815
-2.375
-2.37181
-2.36858
-2.36531
-2.362
-2.35866
-2.35527
-2.35185
-2.34839
-2.34489
-2.34136
-2.33778
-2.33417
-2.33053
-2.32685
-2.32313
-2.31937
-2.31558
-2.31176
-2.3079
-2.304
-2.30007
-2.2961
-2.2921
-2.28807
-2.284
-2.27989
-2.27576
-2.27159
-2.26739
-2.26315
-2.25888
-2.25458
-2.25025
-2.24588
-2.24149
-2.23706
-2.2326
-2.22811
-2.22359
-2.21904
-2.21445
-2.20984
-2.2052
-2.20053
-2.19583
-2.1911
-2.18634
-2.18155
-2.17673
-2.17188
-2.16701
-2.16211
-2.15718
-2.15222
-2.14724
-2.14223
-2.13719
-2.13212
-2.12703
-2.12192
-2.11677
-2.1116
-2.10641
-2.10119
-2.09594
-2.09067
-2.08538
-2.08006
-2.07472
-2.06935
-2.06396
-2.05854
-2.05311
-2.04765
-2.04216
-2.03665
-2.03112
-2.02557
-2.02
-2.0144
-2.00879
-2.00315
-1.99749
-1.9918
-1.9861
-1.98038
-1.97464
-1.96887
-1.96309
-1.95728
-1.95146
-1.94562
-1.93975
-1.93387
-1.92797
-1.92205
-1.91612
-1.91016
-1.90419
-1.89819
-1.89218
-1.88616
-1.88011
-1.87405
-1.86797
-1.86188
-1.85576
-1.84964
-1.84349
-1.83733
-1.83115
-1.82496
-1.81875
-1.81253
-1.80629
-1.80004
-1.79377
-1.78748
-1.78119
-1.77488
-1.76855
-1.76221
-1.75586
-1.74949
-1.74311
-1.73671
-1.73031
-1.72389
-1.71746
-1.71101
-1.70455
-1.69808
-1.6916
-1.68511
-1.6786
-1.67208
-1.66555
-1.65901
-1.65246
-1.6459
-1.63933
-1.63274
-1.62615
-1.61954
-1.61293
-1.6063
-1.59966
-1.59302
-1.58636
-1.5797
-1.57302
-1.56634
-1.55965
-1.55295
-1.54624
-1.53952
-1.53279
-1.52605
-1.51931
-1.51255
-1.50579
-1.49902
-1.49225
-1.48546
-1.47867
-1.47187
-1.46506
-1.45825
-1.45143
-1.4446
-1.43777
-1.43092
-1.42408
-1.41722
-1.41036
-1.40349
-1.39662
-1.38974
-1.38285
-1.37596
-1.36906
-1.36216
-1.35525
-1.34833
-1.34142
-1.33449
-1.32756
-1.32062
-1.31368
-1.30674
-1.29979
-1.29284
-1.28588
-1.27891
-1.27194
-1.26497
-1.258
-1.25101
-1.24403
-1.23704
-1.23005
-1.22305
-1.21605
-1.20905
-1.20204
-1.19503
-1.18801
-1.18099
-1.17397
-1.16695
-1.15992
-1.15289
-1.14586
-1.13882
-1.13178
-1.12474
-1.11769
-1.11064
-1.10359
-1.09654
-1.08948
-1.08242
-1.07536
-1.0683
-1.06123
-1.05416
-1.04709
-1.04002
-1.03295
-1.02587
-1.01879
-1.01171
-1.00463
-0.997545
-0.990458
-0.98337
-0.97628
-0.969189
-0.962095
-0.955
-0.947904
-0.940805
-0.933706
-0.926604
-0.919501
-0.912397
-0.905291
-0.898184
-0.891076
-0.883966
-0.876855
-0.869743
-0.862629
-0.855514
-0.848398
-0.841281
-0.834162
-0.827042
-0.819922
-0.8128
-0.805677
-0.798552
-0.791427
-0.784301
-0.777174
-0.770045
-0.762916
-0.755785
-0.748654
-0.741521
-0.734388
-0.727254
-0.720118
-0.712982
-0.705844
-0.698706
-0.691567
-0.684427
-0.677286
-0.670143
-0.663
-0.655856
-0.648711
-0.641565
-0.634418
-0.627271
-0.620122
-0.612972
-0.605821
-0.598669
-0.591517
-0.584363
-0.577208
-0.570052
-0.562895
-0.555737
-0.548579
-0.541419
-0.534258
-0.527095
-0.519932
-0.512768
-0.505602
-0.498436
-0.491268
-0.484099
-0.476929
-0.469758
-0.462585
-0.455411
-0.448236
-0.44106
-0.433882
-0.426703
-0.419523
-0.412341
-0.405158
-0.397974
-0.390788
-0.383601
-0.376412
-0.369222
-0.36203
-0.354837
-0.347642
-0.340445
-0.333247
-0.326048
-0.318847
-0.311644
-0.304439
-0.297232
-0.290024
-0.282814
-0.275602
-0.268389
-0.261173
-0.253956
-0.246737
-0.239515
-0.232292
-0.225067
-0.217839
-0.21061
-0.203379
-0.196145
-0.188909
-0.181672
-0.174431
-0.167189
-0.159945
-0.152698
-0.145449
-0.138197
-0.130943
-0.123687
-0.116428
-0.109167
-0.101903
-0.094637
-0.0873682
-0.0800969
-0.0728229
-0.0655463
-0.0582671
-0.0509852
-0.0437005
-0.0364131
-0.029123
-0.02183
-0.0145342
-0.00723556
6.59689e-005
0.00737041
0.0146778
0.0219881
0.0293015
0.0366178
0.0439372
0.0512596
0.0585852
0.0659139
0.0732457
0.0805806
0.0879188
0.0952601
0.102605
0.109953
0.117304
0.124658
0.132016
0.139377
0.146742
0.154109
0.161481
0.168855
0.176234
0.183615
0.191
0.198389
0.205781
0.213177
0.220576
0.227979
0.235385
0.242795
0.250208
0.257626
0.265046
0.272471
0.279899
0.287331
0.294766
0.302206
0.309649
0.317095
0.324545
0.332
0.339457
0.346919
0.354384
0.361853
0.369326
0.376802
0.384283
0.391767
0.399255
0.406746
0.414242
0.421741
0.429244
0.43675
0.444261
0.451775
0.459293
0.466814
0.47434
0.481869
0.489402
0.496938
0.504478
0.512022
0.51957
0.527121
0.534676
0.542234
0.549796
0.557362
0.564931
0.572504
0.580081
0.587661
0.595244
0.602831
0.610421
0.618015
0.625612
0.633213
0.640817
0.648424
0.656035
0.663649
0.671266
0.678886
0.686509
0.694136
0.701765
0.709398
0.717034
0.724673
0.732314
0.739959
0.747606
0.755257
0.76291
0.770566
0.778224
0.785885
0.793549
0.801215
0.808884
0.816555
0.824228
0.831904
0.839582
0.847263
0.854945
0.86263
0.870316
0.878005
0.885696
0.893388
0.901082
0.908778
0.916476
0.924175
0.931875
0.939577
0.947281
0.954985
0.962691
0.970399
0.978107
0.985816
0.993526
1.00124
1.00895
1.01666
1.02437
1.03209
1.0398
1.04751
1.05523
1.06294
1.07066
1.07837
1.08609
1.0938
1.10151
1.10923
1.11694
1.12465
1.13236
1.14007
1.14778
1.15549
1.1632
1.17091
1.17861
1.18631
1.19402
1.20172
1.20941
1.21711
1.2248
1.2325
1.24019
1.24787
1.25556
1.26324
1.27092
1.27859
1.28627
1.29394
1.3016
1.30927
1.31693
1.32458
1.33223
1.33988
1.34753
1.35517
1.3628
1.37043
1.37806
1.38568
1.39329
1.40091
1.40851
1.41611
1.42371
1.4313
1.43888
1.44646
1.45403
1.46159
1.46915
1.4767
1.48424
1.49178
1.49931
1.50683
1.51435
1.52186
1.52936
1.53685
1.54433
1.55181
1.55928
1.56673
1.57418
1.58162
1.58906
1.59648
1.60389
1.61129
1.61868
1.62607
1.63344
1.6408
1.64815
1.65549
1.66282
1.67014
1.67745
1.68474
1.69202
1.69929
1.70655
1.7138
1.72103
1.72825
1.73546
1.74266
1.74984
1.75701
1.76416
1.7713
1.77842
1.78554
1.79263
1.79971
1.80678
1.81383
1.82087
1.82789
1.83489
1.84188
1.84885
1.85581
1.86275
1.86967
1.87657
1.88346
1.89033
1.89718
1.90402
1.91083
1.91763
1.92441
1.93116
1.9379
1.94462
1.95132
1.95801
1.96467
1.97131
1.97793
1.98453
1.9911
1.99766
2.00419
2.01071
2.0172
2.02367
2.03012
2.03654
2.04294
2.04932
2.05567
2.062
2.06831
2.07459
2.08085
2.08709
2.0933
2.09948
2.10564
2.11177
2.11788
2.12396
2.13002
2.13604
2.14205
2.14802
2.15397
2.15989
2.16578
2.17164
2.17748
2.18329
2.18906
2.19481
2.20053
2.20622
2.21188
2.21752
2.22312
2.22869
2.23423
2.23973
2.24521
2.25066
2.25607
2.26145
2.2668
2.27212
2.2774
2.28265
2.28787
2.29305
2.2982
2.30332
2.3084
2.31345
2.31846
2.32344
2.32838
2.33328
2.33816
2.34299
2.34779
2.35255
2.35727
2.36196
2.36661
2.37122
2.3758
2.38034
2.38483
2.38929
2.39371
2.3981
2.40244
2.40674
2.411
2.41523
2.41941
2.42355
2.42765
2.43171
2.43573
2.43971
2.44364
2.44754
2.45139
2.45519
2.45896
2.46268
2.46636
2.47
2.47359
2.47713
2.48064
2.4841
2.48751
2.49088
2.4942
2.49748
2.50071
2.5039
2.50704
2.51013
2.51318
2.51618
2.51913
2.52204
2.52489
2.5277
2.53046
2.53318
2.53584
2.53846
2.54103
2.54354
2.54601
2.54843
2.5508
2.55312
2.55539
2.5576
2.55977
2.56189
2.56395
2.56596
2.56792
2.56983
2.57169
2.5735
2.57525
2.57695
2.57859
2.58019
2.58173
2.58321
2.58465
2.58602
2.58735
2.58862
2.58983
2.59099
2.5921
2.59315
2.59415
2.59508
2.59597
2.5968
2.59757
2.59828
2.59894
2.59954
2.60009
2.60057
2.601
2.60138
2.60169
2.60195
2.60215
2.60229
2.60237
2.6024
2.60236
2.60227
2.60212
2.6019
2.60163
2.6013
2.60091
2.60046
2.59995
2.59938
2.59875
2.59806
2.59731
2.5965
2.59562
2.59469
2.59369
2.59263
2.59152
2.59034
2.58909
2.58779
2.58642
2.585
2.58351
2.58195
2.58034
2.57866
2.57692
2.57511
2.57325
2.57132
2.56932
2.56727
2.56515
2.56296
2.56072
2.55841
2.55603
2.55359
2.55109
2.54852
2.54589
2.54319
2.54043
2.53761
2.53472
2.53176
2.52874
2.52566
2.52251
2.51929
2.51601
2.51267
2.50926
2.50578
2.50224
2.49864
2.49497
2.49123
2.48743
2.48356
2.47962
2.47562
2.47156
2.46743
2.46323
2.45896
2.45463
2.45024
2.44578
2.44125
2.43665
2.43199
2.42727
2.42248
2.41762
2.41269
2.4077
2.40264
2.39752
2.39233
2.38707
2.38175
2.37636
2.37091
2.36539
2.3598
2.35415
2.34843
2.34264
2.33679
2.33087
2.32488
2.31883
2.31272
2.30653
2.30029
2.29397
2.28759
2.28114
2.27463
2.26805
2.26141
2.2547
2.24792
2.24108
2.23417
2.2272
2.22016
2.21306
2.20589
2.19866
2.19136
2.184
2.17657
2.16907
2.16151
2.15389
2.1462
2.13845
2.13063
2.12275
2.11481
2.1068
2.09872
2.09058
2.08238
2.07412
2.06579
2.05739
2.04894
2.04042
2.03184
2.02319
2.01448
2.00571
1.99688
1.98798
1.97902
1.97
1.96092
1.95177
1.94257
1.9333
1.92397
1.91458
1.90513
1.89561
1.88604
1.87641
1.86671
1.85696
1.84714
1.83726
1.82733
1.81734
1.80728
1.79717
1.787
1.77677
1.76648
1.75613
1.74572
1.73526
1.72474
1.71416
1.70352
1.69283
1.68208
1.67127
1.66041
1.64949
1.63851
1.62748
1.61639
1.60525
1.59405
1.5828
1.57149
1.56013
1.54871
1.53724
1.52572
1.51414
1.50251
1.49083
1.47909
1.46731
1.45547
1.44357
1.43163
1.41964
1.40759
1.3955
1.38335
1.37115
1.35891
1.34661
1.33427
1.32187
1.30943
1.29694
1.2844
1.27181
1.25918
1.2465
1.23377
1.22099
1.20817
1.19531
1.18239
1.16944
1.15643
1.14339
1.13029
1.11716
1.10398
1.09076
1.07749
1.06418
1.05083
1.03744
1.02401
1.01053
0.997016
0.983459
0.969862
0.956226
0.942549
0.928834
0.91508
0.901287
0.887456
0.873588
0.859682
0.84574
0.831761
0.817745
0.803694
0.789607
0.775485
0.761329
0.747138
0.732913
0.718655
0.704364
0.690039
0.675683
0.661294
0.646874
0.632423
0.617941
0.603428
0.588886
0.574314
0.559712
0.545082
0.530424
0.515738
0.501024
0.486283
0.471515
0.456721
0.441901
0.427056
0.412185
0.39729
0.382371
0.367428
0.352462
0.337473
0.322461
0.307427
0.292372
0.277296
0.262198
0.247081
0.231943
0.216787
0.201611
0.186416
0.171204
0.155974
0.140726
0.125462
0.110182
0.0948855
0.0795738
0.0642471
0.0489058
0.0335506
0.0181817
0.0027996
-0.0125952
-0.0280022
-0.0434209
-0.058851
-0.074292
-0.0897433
-0.105205
-0.120675
-0.136155
-0.151644
-0.16714
-0.182644
-0.198155
-0.213673
-0.229197
-0.244727
-0.260262
-0.275802
-0.291346
-0.306894
-0.322445
-0.338
-0.353556
-0.369115
-0.384675
-0.400236
-0.415798
-0.43136
-0.446921
-0.462481
-0.478041
-0.493598
-0.509152
-0.524704
-0.540253
-0.555798
-0.571339
-0.586874
-0.602405
-0.61793
-0.633449
-0.648961
-0.664466
-0.679963
-0.695452
-0.710933
-0.726404
-0.741866
-0.757318
-0.772759
-0.788189
-0.803608
-0.819014
-0.834408
-0.84979
-0.865157
-0.880511
-0.895851
-0.911175
-0.926484
-0.941778
-0.957054
-0.972315
-0.987557
-1.00278
-1.01799
-1.03318
-1.04835
-1.06349
-1.07862
-1.09373
-1.10882
-1.12388
-1.13893
-1.15395
-1.16894
-1.18392
-1.19887
-1.21379
-1.22869
-1.24357
-1.25842
-1.27324
-1.28803
-1.3028
-1.31754
-1.33225
-1.34694
-1.36159
-1.37621
-1.39081
-1.40537
-1.4199
-1.4344
-1.44887
-1.46331
-1.47771
-1.49208
-1.50642
-1.52072
-1.53498
-1.54921
-1.56341
-1.57757
-1.59169
-1.60577
-1.61982
-1.63383
-1.6478
-1.66173
-1.67562
-1.68948
-1.70329
-1.71706
-1.73079
-1.74448
-1.75812
-1.77173
-1.78529
-1.79881
-1.81228
-1.82571
-1.83909
-1.85243
-1.86573
-1.87897
-1.89218
-1.90533
-1.91844
-1.9315
-1.94451
-1.95747
-1.97038
-1.98325
-1.99606
-2.00882
-2.02154
-2.0342
-2.04681
-2.05937
-2.07187
-2.08433
-2.09673
-2.10907
-2.12137
-2.13361
-2.14579
-2.15792
-2.16999
-2.18201
-2.19397
-2.20587
-2.21772
-2.22951
-2.24124
-2.25291
-2.26453
-2.27608
-2.28758
-2.29902
-2.31039
-2.32171
-2.33297
-2.34416
-2.35529
-2.36636
-2.37737
-2.38832
-2.3992
-2.41002
-2.42077
-2.43147
-2.44209
-2.45266
-2.46315
-2.47359
-2.48395
-2.49425
-2.50448
-2.51465
-2.52475
-2.53478
-2.54475
-2.55465
-2.56447
-2.57423
-2.58392
-2.59355
-2.6031
-2.61258
-2.62199
-2.63133
-2.6406
-2.6498
-2.65893
-2.66799
-2.67697
-2.68588
-2.69472
-2.70349
-2.71218
-2.7208
-2.72935
-2.73782
-2.74622
-2.75454
-2.76279
-2.77097
-2.77907
-2.78709
-2.79504
-2.80291
-2.81071
-2.81842
-2.82607
-2.83363
-2.84112
-2.84853
-2.85587
-2.86312
-2.8703
-2.8774
-2.88442
-2.89136
-2.89822
-2.90501
-2.91171
-2.91834
-2.92488
-2.93135
-2.93773
-2.94404
-2.95026
-2.9564
-2.96247
-2.96845
-2.97435
-2.98017
-2.9859
-2.99156
-2.99713
-3.00262
-3.00803
-3.01336
-3.0186
-3.02376
-3.02884
-3.03384
-3.03875
-3.04358
-3.04832
-3.05299
-3.05756
-3.06206
-3.06647
-3.0708
-3.07504
-3.0792
-3.08327
-3.08726
-3.09116
-3.09498
-3.09872
-3.10237
-3.10593
-3.10941
-3.11281
-3.11612
-3.11934
-3.12248
-3.12553
-3.1285
-3.13138
-3.13418
-3.13689
-3.13951
-3.14205
-3.1445
-3.14687
-3.14915
-3.15135
-3.15345
-3.15548
-3.15741
-3.15926
-3.16103
-3.1627
-3.1643
-3.1658
-3.16722
-3.16855
-3.1698
-3.17096
-3.17203
-3.17302
-3.17392
-3.17473
-3.17546
-3.1761
-3.17666
-3.17713
-3.17751
-3.1778
-3.17801
-3.17814
-3.17818
-3.17813
-3.17799
-3.17777
-3.17747
-3.17708
-3.1766
-3.17603
-3.17538
-3.17465
-3.17383
-3.17292
-3.17193
-3.17085
-3.16969
-3.16844
-3.16711
-3.16569
-3.16419
-3.1626
-3.16092
-3.15917
-3.15732
-3.1554
-3.15339
-3.15129
-3.14911
-3.14685
-3.1445
-3.14207
-3.13955
-3.13695
-3.13427
-3.13151
-3.12866
-3.12572
-3.12271
-3.11961
-3.11643
-3.11317
-3.10983
-3.1064
-3.10289
-3.0993
-3.09563
-3.09187
-3.08804
-3.08412
-3.08012
-3.07605
-3.07189
-3.06765
-3.06333
-3.05893
-3.05445
-3.04989
-3.04525
-3.04054
-3.03574
-3.03086
-3.02591
-3.02088
-3.01577
-3.01058
-3.00531
-2.99997
-2.99455
-2.98905
-2.98348
-2.97782
-2.9721
-2.96629
-2.96041
-2.95446
-2.94842
-2.94232
-2.93614
-2.92988
-2.92355
-2.91715
-2.91067
-2.90411
-2.89749
-2.89079
-2.88402
-2.87717
-2.87026
-2.86327
-2.85621
-2.84908
-2.84188
-2.8346
-2.82726
-2.81984
-2.81236
-2.80481
-2.79718
-2.78949
-2.78173
-2.7739
-2.766
-2.75803
-2.75
-2.7419
-2.73373
-2.7255
-2.7172
-2.70883
-2.7004
-2.6919
-2.68333
-2.67471
-2.66601
-2.65726
-2.64844
-2.63956
-2.63061
-2.6216
-2.61253
-2.6034
-2.5942
-2.58494
-2.57563
-2.56625
-2.55681
-2.54731
-2.53776
-2.52814
-2.51846
-2.50873
-2.49894
-2.48909
-2.47918
-2.46921
-2.45919
-2.44912
-2.43898
-2.42879
-2.41855
-2.40825
-2.3979
-2.38749
-2.37703
-2.36652
-2.35595
-2.34533
-2.33466
-2.32394
-2.31316
-2.30234
-2.29146
-2.28053
-2.26956
-2.25853
-2.24746
-2.23634
-2.22517
-2.21395
-2.20268
-2.19137
-2.18001
-2.1686
-2.15715
-2.14566
-2.13411
-2.12253
-2.1109
-2.09922
-2.08751
-2.07575
-2.06395
-2.0521
-2.04022
-2.02829
-2.01632
-2.00431
-1.99226
-1.98018
-1.96805
-1.95588
-1.94368
-1.93144
-1.91916
-1.90684
-1.89449
-1.8821
-1.86968
-1.85722
-1.84472
-1.8322
-1.81963
-1.80704
-1.79441
-1.78174
-1.76905
-1.75632
-1.74357
-1.73078
-1.71796
-1.70511
-1.69223
-1.67932
-1.66639
-1.65342
-1.64043
-1.62741
-1.61436
-1.60128
-1.58818
-1.57506
-1.56191
-1.54873
-1.53553
-1.5223
-1.50905
-1.49578
-1.48249
-1.46917
-1.45583
-1.44247
-1.42909
-1.41569
-1.40227
-1.38883
-1.37537
-1.36189
-1.34839
-1.33488
-1.32134
-1.30779
-1.29423
-1.28064
-1.26705
-1.25343
-1.2398
-1.22616
-1.2125
-1.19883
-1.18515
-1.17145
-1.15775
-1.14403
-1.13029
-1.11655
-1.1028
-1.08903
-1.07526
-1.06148
-1.04769
-1.03389
-1.02008
-1.00627
-0.992444
-0.978615
-0.96478
-0.950939
-0.937093
-0.923242
-0.909386
-0.895526
-0.881662
-0.867795
-0.853925
-0.840052
-0.826178
-0.812302
-0.798424
-0.784546
-0.770667
-0.756789
-0.74291
-0.729033
-0.715157
-0.701282
-0.68741
-0.67354
-0.659673
-0.645809
-0.631949
-0.618093
-0.604241
-0.590394
-0.576553
-0.562717
-0.548887
-0.535064
-0.521248
-0.507438
-0.493637
-0.479843
-0.466058
-0.452282
-0.438515
-0.424758
-0.41101
-0.397273
-0.383547
-0.369832
-0.356128
-0.342436
-0.328757
-0.31509
-0.301436
-0.287795
-0.274168
-0.260556
-0.246957
-0.233374
-0.219806
-0.206253
-0.192717
-0.179196
-0.165693
-0.152206
-0.138737
-0.125285
-0.111852
-0.0984365
-0.0850402
-0.071663
-0.0583054
-0.0449675
-0.0316498
-0.0183526
-0.00507624
0.00817894
0.0214126
0.0346244
0.047814
0.0609812
0.0741254
0.0872465
0.100344
0.113418
0.126468
0.139493
0.152493
0.165469
0.178418
0.191343
0.204241
0.217113
0.229958
0.242776
0.255567
0.26833
0.281066
0.293773
0.306452
0.319102
0.331723
0.344315
0.356877
0.369409
0.381911
0.394383
0.406824
0.419234
0.431612
0.443959
0.456274
0.468557
0.480807
0.493025
0.50521
0.517362
0.52948
0.541565
0.553616
0.565632
0.577614
0.589561
0.601474
0.613351
0.625192
0.636998
0.648768
0.660502
0.6722
0.68386
0.695484
0.707071
0.718621
0.730133
0.741607
0.753043
0.764441
0.775801
0.787122
0.798404
0.809647
0.820851
0.832015
0.84314
0.854225
0.86527
0.876274
0.887238
0.898162
0.909044
0.919886
0.930686
0.941445
0.952162
0.962838
0.973472
0.984063
0.994613
1.00512
1.01558
1.02601
1.03638
1.04672
1.05701
1.06726
1.07747
1.08763
1.09774
1.10782
1.11785
1.12783
1.13777
1.14767
1.15752
1.16733
1.17709
1.18681
1.19648
1.2061
1.21568
1.22522
1.23471
1.24415
1.25355
1.2629
1.2722
1.28146
1.29067
1.29984
1.30896
1.31803
1.32706
1.33604
1.34497
1.35385
1.36269
1.37148
1.38022
1.38892
1.39757
1.40617
1.41472
1.42323
1.43168
1.44009
1.44846
1.45677
1.46504
1.47325
1.48142
1.48954
1.49762
1.50564
1.51362
1.52154
1.52942
1.53725
1.54504
1.55277
1.56046
1.56809
1.57568
1.58322
1.59071
1.59815
1.60554
1.61289
1.62018
1.62743
1.63462
1.64177
1.64887
1.65592
1.66292
1.66988
1.67678
1.68363
1.69044
1.6972
1.7039
1.71056
1.71717
1.72373
1.73024
1.73671
1.74312
1.74949
1.7558
1.76207
1.76829
1.77446
1.78058
1.78665
1.79268
1.79865
1.80458
1.81045
1.81628
1.82206
1.8278
1.83348
1.83911
1.8447
1.85024
1.85573
1.86117
1.86656
1.87191
1.8772
1.88245
1.88765
1.89281
1.89791
1.90297
1.90798
1.91294
1.91786
1.92272
1.92754
1.93231
1.93704
1.94172
1.94635
1.95093
1.95547
1.95995
1.9644
1.96879
1.97314
1.97744
1.9817
1.98591
1.99007
1.99419
1.99826
2.00228
2.00626
2.01019
2.01408
2.01792
2.02171
2.02546
2.02917
2.03283
2.03644
2.04001
2.04353
2.04701
2.05044
2.05383
2.05718
2.06048
2.06374
2.06695
2.07012
2.07324
2.07632
2.07936
2.08235
2.0853
2.0882
2.09107
2.09389
2.09666
2.0994
2.10209
2.10473
2.10734
2.1099
2.11243
2.1149
2.11734
2.11974
2.12209
2.1244
2.12667
2.1289
2.13109
2.13324
2.13534
2.13741
2.13944
2.14142
2.14336
2.14527
2.14713
2.14896
2.15074
2.15249
2.15419
2.15586
2.15748
2.15907
2.16062
2.16213
2.1636
2.16504
2.16643
2.16779
2.16911
2.17039
2.17163
2.17284
2.17401
2.17514
2.17623
2.17729
2.17831
2.1793
2.18024
2.18116
2.18203
2.18287
2.18367
2.18444
2.18517
2.18587
2.18653
2.18716
2.18775
2.18831
2.18883
2.18932
2.18977
2.19019
2.19058
2.19093
2.19125
2.19153
2.19179
2.192
2.19219
2.19234
2.19246
2.19255
2.1926
2.19263
2.19262
2.19258
2.1925
2.1924
2.19226
2.1921
2.1919
2.19167
2.19141
2.19112
2.1908
2.19045
2.19007
2.18966
2.18921
2.18874
2.18824
2.18771
2.18715
2.18657
2.18595
2.1853
2.18463
2.18393
2.18319
2.18244
2.18165
2.18083
2.17999
2.17912
2.17822
2.1773
2.17635
2.17537
2.17436
2.17333
2.17227
2.17118
2.17007
2.16894
2.16777
2.16658
2.16537
2.16413
2.16286
2.16157
2.16026
2.15892
2.15755
2.15616
2.15475
2.15331
2.15184
2.15036
2.14885
2.14731
2.14575
2.14417
2.14257
2.14094
2.13929
2.13761
2.13592
2.1342
2.13245
2.13069
2.1289
2.12709
2.12526
2.12341
2.12153
2.11963
2.11772
2.11578
2.11382
2.11183
2.10983
2.10781
2.10576
2.1037
2.10161
2.0995
2.09738
2.09523
2.09306
2.09087
2.08867
2.08644
2.08419
2.08193
2.07964
2.07734
2.07501
2.07267
2.07031
2.06792
2.06552
2.0631
2.06067
2.05821
2.05574
2.05324
2.05073
2.04821
2.04566
2.04309
2.04051
2.03791
2.03529
2.03266
2.03
2.02733
2.02465
2.02194
2.01922
2.01648
2.01372
2.01095
2.00816
2.00536
2.00253
1.99969
1.99684
1.99396
1.99108
1.98817
1.98525
1.98231
1.97936
1.97639
1.9734
1.9704
1.96739
1.96435
1.96131
1.95824
1.95516
1.95207
1.94896
1.94583
1.94269
1.93954
1.93637
1.93318
1.92998
1.92676
1.92353
1.92029
1.91703
1.91375
1.91046
1.90715
1.90383
1.9005
1.89715
1.89379
1.89041
1.88702
1.88361
1.88019
1.87675
1.8733
1.86984
1.86636
1.86287
1.85936
1.85584
1.8523
1.84875
1.84519
1.84161
1.83802
1.83441
1.83079
1.82716
1.82351
1.81985
1.81617
1.81248
1.80878
1.80506
1.80133
1.79758
1.79382
1.79005
1.78626
1.78246
1.77864
1.77481
1.77097
1.76712
1.76325
1.75936
1.75546
1.75155
1.74762
1.74368
1.73973
1.73576
1.73178
1.72779
1.72378
1.71975
1.71572
1.71167
1.7076
1.70352
1.69943
1.69532
1.6912
1.68707
1.68292
1.67876
1.67458
1.67039
1.66618
1.66196
1.65773
1.65348
1.64922
1.64495
1.64066
1.63635
1.63203
1.6277
1.62335
1.61899
1.61461
1.61022
1.60582
1.60139
1.59696
1.59251
1.58805
1.58357
1.57907
1.57457
1.57004
1.56551
1.56095
1.55639
1.5518
1.5472
1.54259
1.53796
1.53332
1.52866
1.52399
1.5193
1.5146
1.50988
1.50514
1.50039
1.49563
1.49084
1.48605
1.48123
1.4764
1.47156
1.4667
1.46182
1.45693
1.45202
1.4471
1.44216
1.4372
1.43223
1.42724
1.42223
1.41721
1.41217
1.40712
1.40205
1.39696
1.39185
1.38673
1.38159
1.37644
1.37127
1.36608
1.36087
1.35565
1.35041
1.34515
1.33987
1.33458
1.32927
1.32394
1.3186
1.31323
1.30785
1.30245
1.29704
1.2916
1.28615
1.28068
1.27519
1.26968
1.26416
1.25862
1.25305
1.24747
1.24188
1.23626
1.23062
1.22497
1.2193
1.2136
1.20789
1.20216
1.19641
1.19065
1.18486
1.17905
1.17323
1.16738
1.16152
1.15563
1.14973
1.14381
1.13786
1.1319
1.12592
1.11992
1.1139
1.10785
1.10179
1.09571
1.08961
1.08348
1.07734
1.07118
1.06499
1.05879
1.05256
1.04632
1.04005
1.03376
1.02746
1.02113
1.01478
1.00841
1.00202
0.995604
0.98917
0.982715
0.976239
0.969741
0.963222
0.956682
0.95012
0.943536
0.936931
0.930305
0.923656
0.916986
0.910294
0.903581
0.896845
0.890087
0.883308
0.876506
0.869683
0.862837
0.855969
0.849079
0.842166
0.835232
0.828274
0.821295
0.814293
0.807269
0.800222
0.793153
0.786061
0.778946
0.771809
0.764649
0.757466
0.750261
0.743033
0.735782
0.728508
0.721211
0.713891
0.706549
0.699183
0.691795
0.684383
0.676949
0.669491
0.66201
0.654507
0.64698
0.63943
0.631857
0.62426
0.616641
0.608998
0.601332
0.593643
0.58593
0.578195
0.570436
0.562654
0.554848
0.54702
0.539168
0.531292
0.523394
0.515472
0.507527
0.499559
0.491567
0.483552
0.475514
0.467452
0.459368
0.45126
0.443129
0.434974
0.426797
0.418596
0.410372
0.402125
0.393855
0.385561
0.377245
0.368906
0.360543
0.352157
0.343749
0.335317
0.326863
0.318386
0.309885
0.301362
0.292816
0.284248
0.275656
0.267042
0.258406
0.249746
0.241064
0.23236
0.223633
0.214884
0.206112
0.197318
0.188502
0.179664
0.170803
0.161921
0.153016
0.144089
0.135141
0.12617
0.117178
0.108164
0.0991287
0.0900716
0.080993
0.071893
0.0627716
0.0536289
0.0444651
0.0352801
0.0260741
0.0168472
0.00759935
-0.00166925
-0.0109585
-0.0202684
-0.0295988
-0.0389496
-0.0483208
-0.0577121
-0.0671236
-0.0765551
-0.0860066
-0.0954778
-0.104969
-0.114479
-0.124009
-0.133559
-0.143128
-0.152716
-0.162323
-0.171949
-0.181593
-0.191257
-0.200939
-0.210639
-0.220358
-0.230095
-0.23985
-0.249623
-0.259414
-0.269222
-0.279048
-0.288892
-0.298753
-0.30863
-0.318525
-0.328437
-0.338365
-0.34831
-0.358271
-0.368249
-0.378243
-0.388252
-0.398277
-0.408318
-0.418375
-0.428447
-0.438533
-0.448635
-0.458752
-0.468883
-0.479029
-0.489189
-0.499363
-0.509552
-0.519754
-0.529969
-0.540198
-0.55044
-0.560695
-0.570964
-0.581244
-0.591538
-0.601843
-0.612161
-0.622491
-0.632832
-0.643185
-0.653549
-0.663924
-0.674311
-0.684708
-0.695115
-0.705533
-0.715961
-0.726399
-0.736846
-0.747303
-0.757769
-0.768245
-0.778729
-0.789221
-0.799722
-0.810231
-0.820749
-0.831273
-0.841806
-0.852345
-0.862892
-0.873445
-0.884005
-0.894571
-0.905143
-0.915721
-0.926305
-0.936894
-0.947488
-0.958087
-0.968691
-0.979299
-0.989911
-1.00053
-1.01115
-1.02177
-1.0324
-1.04302
-1.05366
-1.06429
-1.07493
-1.08556
-1.0962
-1.10684
-1.11748
-1.12813
-1.13877
-1.14941
-1.16006
-1.1707
-1.18134
-1.19198
-1.20262
-1.21326
-1.2239
-1.23453
-1.24516
-1.25579
-1.26642
-1.27704
-1.28766
-1.29828
-1.30889
-1.3195
-1.3301
-1.3407
-1.3513
-1.36188
-1.37247
-1.38304
-1.39361
-1.40417
-1.41473
-1.42528
-1.43582
-1.44635
-1.45688
-1.46739
-1.4779
-1.4884
-1.49889
-1.50937
-1.51984
-1.53029
-1.54074
-1.55118
-1.5616
-1.57202
-1.58242
-1.59281
-1.60319
-1.61355
-1.6239
-1.63424
-1.64456
-1.65487
-1.66516
-1.67544
-1.68571
-1.69595
-1.70619
-1.7164
-1.7266
-1.73679
-1.74695
-1.7571
-1.76723
-1.77734
-1.78744
-1.79751
-1.80757
-1.8176
-1.82762
-1.83761
-1.84759
-1.85754
-1.86747
-1.87739
-1.88727
-1.89714
-1.90699
-1.91681
-1.92661
-1.93638
-1.94613
-1.95586
-1.96556
-1.97523
-1.98488
-1.99451
-2.00411
-2.01368
-2.02323
-2.03275
-2.04224
-2.0517
-2.06114
-2.07054
-2.07992
-2.08927
-2.09859
-2.10788
-2.11714
-2.12637
-2.13556
-2.14473
-2.15387
-2.16297
-2.17204
-2.18108
-2.19008
-2.19905
-2.20799
-2.21689
-2.22576
-2.2346
-2.2434
-2.25216
-2.26089
-2.26958
-2.27823
-2.28685
-2.29543
-2.30398
-2.31248
-2.32095
-2.32938
-2.33777
-2.34612
-2.35443
-2.3627
-2.37093
-2.37912
-2.38727
-2.39537
-2.40344
-2.41146
-2.41944
-2.42738
-2.43528
-2.44313
-2.45094
-2.4587
-2.46642
-2.47409
-2.48172
-2.48931
-2.49685
-2.50434
-2.51178
-2.51918
-2.52653
-2.53384
-2.54109
-2.5483
-2.55546
-2.56257
-2.56963
-2.57665
-2.58361
-2.59052
-2.59738
-2.60419
-2.61095
-2.61766
-2.62432
-2.63093
-2.63748
-2.64398
-2.65042
-2.65682
-2.66316
-2.66944
-2.67568
-2.68185
-2.68797
-2.69404
-2.70005
-2.70601
-2.71191
-2.71775
-2.72354
-2.72927
-2.73494
-2.74055
-2.74611
-2.75161
-2.75705
-2.76243
-2.76775
-2.77301
-2.77821
-2.78335
-2.78844
-2.79346
-2.79842
-2.80332
-2.80816
-2.81293
-2.81765
-2.8223
-2.82689
-2.83142
-2.83588
-2.84028
-2.84462
-2.84889
-2.8531
-2.85724
-2.86132
-2.86534
-2.86928
-2.87317
-2.87699
-2.88074
-2.88442
-2.88804
-2.8916
-2.89508
-2.8985
-2.90185
-2.90514
-2.90835
-2.9115
-2.91458
-2.91759
-2.92053
-2.9234
-2.9262
-2.92894
-2.9316
-2.93419
-2.93672
-2.93917
-2.94155
-2.94387
-2.94611
-2.94827
-2.95037
-2.9524
-2.95435
-2.95623
-2.95804
-2.95978
-2.96145
-2.96304
-2.96456
-2.966
-2.96737
-2.96867
-2.9699
-2.97105
-2.97213
-2.97313
-2.97406
-2.97491
-2.97569
-2.97639
-2.97702
-2.97757
-2.97805
-2.97845
-2.97878
-2.97903
-2.9792
-2.9793
-2.97932
-2.97927
-2.97914
-2.97893
-2.97864
-2.97828
-2.97784
-2.97733
-2.97674
-2.97606
-2.97532
-2.97449
-2.97359
-2.9726
-2.97154
-2.97041
-2.96919
-2.9679
-2.96652
-2.96507
-2.96354
-2.96193
-2.96025
-2.95848
-2.95664
-2.95471
-2.95271
-2.95063
-2.94847
-2.94623
-2.94391
-2.94151
-2.93903
-2.93647
-2.93383
-2.93112
-2.92832
-2.92544
-2.92249
-2.91945
-2.91634
-2.91314
-2.90987
-2.90651
-2.90308
-2.89956
-2.89597
-2.89229
-2.88854
-2.8847
-2.88079
-2.8768
-2.87272
-2.86857
-2.86433
-2.86002
-2.85563
-2.85115
-2.8466
-2.84197
-2.83726
-2.83246
-2.82759
-2.82264
-2.81761
-2.8125
-2.80731
-2.80204
-2.79669
-2.79126
-2.78575
-2.78016
-2.77449
-2.76875
-2.76292
-2.75702
-2.75104
-2.74497
-2.73883
-2.73261
-2.72632
-2.71994
-2.71348
-2.70695
-2.70034
-2.69365
-2.68688
-2.68003
-2.67311
-2.66611
-2.65903
-2.65187
-2.64464
-2.63733
-2.62994
-2.62248
-2.61493
-2.60732
-2.59962
-2.59185
-2.584
-2.57608
-2.56808
-2.56
-2.55185
-2.54362
-2.53532
-2.52694
-2.51849
-2.50996
-2.50136
-2.49268
-2.48393
-2.47511
-2.46621
-2.45724
-2.44819
-2.43907
-2.42988
-2.42061
-2.41128
-2.40186
-2.39238
-2.38283
-2.3732
-2.3635
-2.35373
-2.34389
-2.33398
-2.32399
-2.31394
-2.30382
-2.29362
-2.28336
-2.27303
-2.26262
-2.25215
-2.24161
-2.231
-2.22033
-2.20958
-2.19877
-2.18789
-2.17694
-2.16592
-2.15484
-2.1437
-2.13248
-2.1212
-2.10986
-2.09845
-2.08697
-2.07543
-2.06383
-2.05216
-2.04043
-2.02863
-2.01677
-2.00485
-1.99286
-1.98082
-1.96871
-1.95654
-1.94431
-1.93202
-1.91966
-1.90725
-1.89478
-1.88225
-1.86965
-1.857
-1.84429
-1.83153
-1.8187
-1.80582
-1.79288
-1.77988
-1.76683
-1.75372
-1.74055
-1.72733
-1.71406
-1.70073
-1.68734
-1.67391
-1.66041
-1.64687
-1.63327
-1.61962
-1.60592
-1.59217
-1.57836
-1.5645
-1.5506
-1.53664
-1.52264
-1.50858
-1.49448
-1.48033
-1.46613
-1.45188
-1.43758
-1.42324
-1.40885
-1.39442
-1.37994
-1.36542
-1.35085
-1.33623
-1.32158
-1.30688
-1.29213
-1.27735
-1.26252
-1.24765
-1.23274
-1.21779
-1.20279
-1.18776
-1.17269
-1.15758
-1.14243
-1.12724
-1.11202
-1.09676
-1.08146
-1.06612
-1.05075
-1.03535
-1.01991
-1.00443
-0.988921
-0.973378
-0.957802
-0.942194
-0.926553
-0.910881
-0.895177
-0.879443
-0.863679
-0.847885
-0.832062
-0.81621
-0.80033
-0.784422
-0.768486
-0.752524
-0.736536
-0.720521
-0.704482
-0.688417
-0.672328
-0.656215
-0.640079
-0.62392
-0.607738
-0.591535
-0.57531
-0.559065
-0.542798
-0.526512
-0.510207
-0.493883
-0.47754
-0.461179
-0.444801
-0.428406
-0.411995
-0.395568
-0.379126
-0.362668
-0.346197
-0.329711
-0.313212
-0.296701
-0.280177
-0.263641
-0.247094
-0.230537
-0.213969
-0.197391
-0.180805
-0.164209
-0.147605
-0.130994
-0.114376
-0.0977508
-0.0811197
-0.064483
-0.0478413
-0.0311951
-0.0145448
0.00210891
0.0187656
0.0354248
0.0520858
0.0687483
0.0854117
0.102075
0.118739
0.135402
0.152063
0.168723
0.185381
0.202036
0.218688
0.235335
0.251979
0.268617
0.285251
0.301878
0.318499
0.335113
0.351719
0.368318
0.384908
0.401488
0.41806
0.434621
0.451172
0.467711
0.484239
0.500755
0.517258
0.533748
0.550224
0.566686
0.583133
0.599565
0.615981
0.632381
0.648764
0.66513
0.681477
0.697807
0.714118
0.730409
0.74668
0.762931
0.779161
0.79537
0.811557
0.827721
0.843862
0.85998
0.876074
0.892144
0.908188
0.924208
0.940201
0.956167
0.972107
0.988019
1.0039
1.01976
1.03559
1.05138
1.06715
1.08289
1.0986
1.11427
1.12991
1.14552
1.1611
1.17665
1.19216
1.20763
1.22307
1.23848
1.25385
1.26919
1.28448
1.29974
1.31497
1.33015
1.3453
1.3604
1.37547
1.3905
1.40548
1.42043
1.43534
1.4502
1.46502
1.4798
1.49453
1.50922
1.52387
1.53847
1.55303
1.56754
1.58201
1.59643
1.6108
1.62513
1.6394
1.65363
1.66782
1.68195
1.69603
1.71007
1.72405
1.73798
1.75186
1.76569
1.77947
1.7932
1.80687
1.82049
1.83406
1.84757
1.86103
1.87443
1.88778
1.90107
1.91431
1.92749
1.94061
1.95368
1.96669
1.97964
1.99253
2.00537
2.01814
2.03086
2.04352
2.05611
2.06865
2.08112
2.09354
2.10589
2.11818
2.13041
2.14257
2.15467
2.16671
2.17869
2.1906
2.20244
2.21422
2.22594
2.23759
2.24918
2.2607
2.27215
2.28354
2.29486
2.30611
2.31729
2.32841
2.33946
2.35043
2.36134
2.37219
2.38296
2.39366
2.40429
2.41485
2.42534
2.43576
2.44611
2.45639
2.46659
2.47673
2.48679
2.49677
2.50669
2.51653
2.5263
2.53599
2.54562
2.55516
2.56463
2.57403
2.58336
2.5926
2.60178
2.61087
2.61989
2.62884
2.63771
2.6465
2.65521
2.66385
2.67241
2.68089
2.6893
2.69763
2.70588
2.71405
2.72214
2.73016
2.7381
2.74595
2.75373
2.76143
2.76905
2.77659
2.78405
2.79143
2.79873
2.80594
2.81308
2.82014
2.82712
2.83401
2.84083
2.84756
2.85421
2.86078
2.86727
2.87368
2.88001
2.88625
2.89241
2.89849
2.90448
2.9104
2.91623
2.92198
2.92764
2.93323
2.93872
2.94414
2.94947
2.95472
2.95989
2.96497
2.96997
2.97489
2.97972
2.98447
2.98913
2.99371
2.99821
3.00262
3.00695
3.01119
3.01535
3.01943
3.02342
3.02733
3.03115
3.03489
3.03854
3.04211
3.0456
3.049
3.05232
3.05555
3.05869
3.06176
3.06474
3.06763
3.07044
3.07316
3.0758
3.07836
3.08083
3.08322
3.08552
3.08774
3.08987
3.09192
3.09389
3.09577
3.09756
3.09928
3.1009
3.10245
3.10391
3.10528
3.10658
3.10779
3.10891
3.10995
3.11091
3.11178
3.11257
3.11328
3.1139
3.11444
3.1149
3.11527
3.11556
3.11577
3.11589
3.11594
3.1159
3.11577
3.11557
3.11528
3.11491
3.11446
3.11393
3.11331
3.11261
3.11183
3.11097
3.11003
3.10901
3.10791
3.10672
3.10546
3.10411
3.10269
3.10118
3.09959
3.09793
3.09618
3.09436
3.09245
3.09047
3.08841
3.08626
3.08404
3.08174
3.07937
3.07691
3.07438
3.07176
3.06908
3.06631
3.06347
3.06054
3.05755
3.05447
3.05132
3.0481
3.04479
3.04142
3.03796
3.03443
3.03083
3.02715
3.0234
3.01957
3.01567
3.01169
3.00764
3.00352
2.99932
2.99505
2.99071
2.9863
2.98181
2.97725
2.97262
2.96792
2.96315
2.9583
2.95339
2.9484
2.94335
2.93823
2.93303
2.92777
2.92244
2.91703
2.91157
2.90603
2.90042
2.89475
2.88901
2.8832
2.87733
2.87139
2.86538
2.85931
2.85317
2.84697
2.8407
2.83437
2.82797
2.82151
2.81498
2.80839
2.80174
2.79503
2.78825
2.78141
2.77451
2.76755
2.76053
2.75345
2.7463
2.7391
2.73183
2.72451
2.71713
2.70969
2.70219
2.69463
2.68701
2.67934
2.67161
2.66382
2.65598
2.64808
2.64012
2.63211
2.62404
2.61592
2.60775
2.59952
2.59123
2.5829
2.57451
2.56607
2.55757
2.54903
2.54043
2.53178
2.52308
2.51433
2.50553
2.49669
2.48779
2.47884
2.46984
2.4608
2.45171
2.44257
2.43338
2.42415
2.41487
2.40554
2.39617
2.38676
2.3773
2.36779
2.35824
2.34865
2.33901
2.32933
2.31961
2.30985
2.30004
2.29019
2.2803
2.27038
2.26041
2.2504
2.24035
2.23026
2.22014
2.20997
2.19977
2.18953
2.17925
2.16894
2.15859
2.1482
2.13778
2.12732
2.11683
2.10631
2.09575
2.08515
2.07452
2.06386
2.05317
2.04245
2.03169
2.02091
2.01009
1.99924
1.98836
1.97745
1.96651
1.95555
1.94455
1.93353
1.92248
1.9114
1.9003
1.88916
1.87801
1.86682
1.85561
1.84438
1.83312
1.82184
1.81053
1.7992
1.78785
1.77647
1.76507
1.75365
1.74221
1.73075
1.71927
1.70776
1.69624
1.6847
1.67313
1.66155
1.64995
1.63833
1.6267
1.61505
1.60338
1.59169
1.57999
1.56827
1.55654
1.54479
1.53303
1.52125
1.50946
1.49766
1.48584
1.47401
1.46217
1.45032
1.43845
1.42657
1.41469
1.40279
1.39088
1.37896
1.36703
1.3551
1.34315
1.3312
1.31924
1.30727
1.2953
1.28331
1.27132
1.25933
1.24733
1.23532
1.22331
1.2113
1.19928
1.18725
1.17522
1.16319
1.15116
1.13912
1.12708
1.11504
1.103
1.09096
1.07891
1.06687
1.05482
1.04278
1.03074
1.01869
1.00665
0.994611
0.982572
0.970536
0.958502
0.946471
0.934444
0.922419
0.910399
0.898383
0.886371
0.874364
0.862362
0.850365
0.838374
0.826389
0.814411
0.802439
0.790474
0.778517
0.766567
0.754625
0.742691
0.730766
0.718849
0.706942
0.695044
0.683155
0.671277
0.659409
0.647551
0.635704
0.623869
0.612045
0.600232
0.588432
0.576644
0.564868
0.553105
0.541355
0.529619
0.517896
0.506187
0.494493
0.482813
0.471147
0.459496
0.447861
0.436241
0.424637
0.413049
0.401477
0.389922
0.378384
0.366862
0.355358
0.343871
0.332402
0.320951
0.309518
0.298104
0.286708
0.275331
0.263974
0.252636
0.241317
0.230018
0.21874
0.207481
0.196243
0.185026
0.17383
0.162655
0.151501
0.140369
0.129259
0.118171
0.107105
0.0960609
0.0850399
0.0740416
0.0630664
0.0521143
0.0411857
0.0302806
0.0193994
0.00854204
-0.00229113
-0.0131
-0.0238843
-0.0346439
-0.0453787
-0.0560884
-0.0667728
-0.0774319
-0.0880654
-0.0986732
-0.109255
-0.119811
-0.130341
-0.140844
-0.15132
-0.16177
-0.172193
-0.18259
-0.192959
-0.2033
-0.213614
-0.223901
-0.23416
-0.244391
-0.254594
-0.264769
-0.274915
-0.285033
-0.295123
-0.305184
-0.315216
-0.325219
-0.335193
-0.345138
-0.355053
-0.364939
-0.374796
-0.384623
-0.39442
-0.404188
-0.413925
-0.423632
-0.43331
-0.442956
-0.452573
-0.462159
-0.471714
-0.481239
-0.490733
-0.500196
-0.509629
-0.51903
-0.5284
-0.537739
-0.547046
-0.556323
-0.565568
-0.574781
-0.583963
-0.593113
-0.602231
-0.611318
-0.620373
-0.629395
-0.638386
-0.647345
-0.656272
-0.665166
-0.674029
-0.682859
-0.691657
-0.700422
-0.709155
-0.717856
-0.726524
-0.735159
-0.743762
-0.752333
-0.76087
-0.769375
-0.777847
-0.786287
-0.794693
-0.803067
-0.811408
-0.819716
-0.827992
-0.836234
-0.844443
-0.85262
-0.860763
-0.868873
-0.876951
-0.884995
-0.893007
-0.900985
-0.90893
-0.916842
-0.924722
-0.932568
-0.940381
-0.948161
-0.955908
-0.963621
-0.971302
-0.97895
-0.986565
-0.994147
-1.0017
-1.00921
-1.01669
-1.02414
-1.03156
-1.03894
-1.04629
-1.05361
-1.0609
-1.06815
-1.07537
-1.08256
-1.08971
-1.09683
-1.10392
-1.11098
-1.118
-1.12499
-1.13195
-1.13887
-1.14577
-1.15263
-1.15945
-1.16625
-1.17301
-1.17974
-1.18644
-1.19311
-1.19974
-1.20635
-1.21292
-1.21945
-1.22596
-1.23243
-1.23888
-1.24529
-1.25167
-1.25801
-1.26433
-1.27061
-1.27687
-1.28309
-1.28928
-1.29544
-1.30156
-1.30766
-1.31373
-1.31976
-1.32576
-1.33173
-1.33768
-1.34359
-1.34947
-1.35532
-1.36113
-1.36692
-1.37268
-1.37841
-1.38411
-1.38977
-1.39541
-1.40102
-1.4066
-1.41214
-1.41766
-1.42315
-1.42861
-1.43404
-1.43944
-1.44481
-1.45015
-1.45546
-1.46074
-1.46599
-1.47122
-1.47642
-1.48158
-1.48672
-1.49183
-1.49691
-1.50197
-1.50699
-1.51199
-1.51696
-1.5219
-1.52681
-1.5317
-1.53656
-1.54139
-1.54619
-1.55096
-1.55571
-1.56043
-1.56512
-1.56979
-1.57443
-1.57904
-1.58363
-1.58819
-1.59272
-1.59723
-1.60171
-1.60616
-1.61059
-1.61499
-1.61937
-1.62371
-1.62804
-1.63234
-1.63661
-1.64086
-1.64508
-1.64928
-1.65345
-1.65759
-1.66172
-1.66581
-1.66989
-1.67393
-1.67796
-1.68196
-1.68593
-1.68988
-1.69381
-1.69771
-1.70159
-1.70544
-1.70927
-1.71308
-1.71686
-1.72062
-1.72436
-1.72807
-1.73176
-1.73543
-1.73907
-1.74269
-1.74629
-1.74987
-1.75342
-1.75695
-1.76046
-1.76395
-1.76741
-1.77085
-1.77427
-1.77767
-1.78105
-1.7844
-1.78774
-1.79105
-1.79434
-1.79761
-1.80086
-1.80409
-1.80729
-1.81048
-1.81364
-1.81678
-1.81991
-1.82301
-1.82609
-1.82915
-1.83219
-1.83521
-1.83822
-1.8412
-1.84416
-1.8471
-1.85002
-1.85292
-1.8558
-1.85866
-1.86151
-1.86433
-1.86713
-1.86992
-1.87269
-1.87543
-1.87816
-1.88087
-1.88356
-1.88623
-1.88888
-1.89152
-1.89413
-1.89673
-1.89931
-1.90187
-1.90441
-1.90694
-1.90944
-1.91193
-1.9144
-1.91685
-1.91929
-1.9217
-1.9241
-1.92648
-1.92884
-1.93119
-1.93352
-1.93583
-1.93812
-1.9404
-1.94266
-1.9449
-1.94713
-1.94933
-1.95152
-1.9537
-1.95586
-1.958
-1.96012
-1.96223
-1.96432
-1.96639
-1.96844
-1.97048
-1.97251
-1.97451
-1.9765
-1.97848
-1.98044
-1.98238
-1.9843
-1.98621
-1.9881
-1.98998
-1.99184
-1.99368
-1.99551
-1.99732
-1.99912
-2.0009
-2.00266
-2.00441
-2.00614
-2.00785
-2.00955
-2.01124
-2.0129
-2.01456
-2.01619
-2.01781
-2.01942
-2.021
-2.02258
-2.02413
-2.02568
-2.0272
-2.02871
-2.0302
-2.03168
-2.03314
-2.03459
-2.03602
-2.03744
-2.03884
-2.04022
-2.04159
-2.04294
-2.04428
-2.0456
-2.0469
-2.04819
-2.04946
-2.05072
-2.05196
-2.05319
-2.0544
-2.05559
-2.05677
-2.05793
-2.05908
-2.06021
-2.06132
-2.06242
-2.0635
-2.06457
-2.06562
-2.06665
-2.06767
-2.06867
-2.06966
-2.07062
-2.07158
-2.07251
-2.07343
-2.07434
-2.07523
-2.0761
-2.07695
-2.07779
-2.07861
-2.07941
-2.0802
-2.08097
-2.08173
-2.08247
-2.08319
-2.08389
-2.08458
-2.08525
-2.0859
-2.08654
-2.08715
-2.08775
-2.08834
-2.0889
-2.08945
-2.08998
-2.0905
-2.09099
-2.09147
-2.09193
-2.09238
-2.0928
-2.09321
-2.0936
-2.09397
-2.09432
-2.09465
-2.09497
-2.09527
-2.09555
-2.09581
-2.09605
-2.09627
-2.09647
-2.09666
-2.09683
-2.09697
-2.0971
-2.09721
-2.0973
-2.09737
-2.09742
-2.09745
-2.09746
-2.09745
-2.09742
-2.09737
-2.0973
-2.09721
-2.0971
-2.09697
-2.09682
-2.09665
-2.09646
-2.09625
-2.09601
-2.09576
-2.09548
-2.09519
-2.09487
-2.09453
-2.09417
-2.09379
-2.09338
-2.09295
-2.09251
-2.09204
-2.09154
-2.09103
-2.09049
-2.08993
-2.08935
-2.08874
-2.08811
-2.08746
-2.08679
-2.08609
-2.08537
-2.08462
-2.08385
-2.08306
-2.08225
-2.08141
-2.08054
-2.07965
-2.07874
-2.0778
-2.07684
-2.07586
-2.07484
-2.07381
-2.07275
-2.07166
-2.07055
-2.06941
-2.06825
-2.06706
-2.06584
-2.0646
-2.06333
-2.06204
-2.06072
-2.05937
-2.058
-2.0566
-2.05517
-2.05372
-2.05224
-2.05073
-2.04919
-2.04763
-2.04604
-2.04442
-2.04277
-2.0411
-2.03939
-2.03766
-2.0359
-2.03411
-2.03229
-2.03044
-2.02857
-2.02666
-2.02472
-2.02276
-2.02076
-2.01874
-2.01668
-2.0146
-2.01249
-2.01034
-2.00816
-2.00596
-2.00372
-2.00145
-1.99915
-1.99682
-1.99446
-1.99207
-1.98964
-1.98719
-1.9847
-1.98218
-1.97962
-1.97704
-1.97442
-1.97177
-1.96909
-1.96637
-1.96362
-1.96084
-1.95803
-1.95518
-1.9523
-1.94938
-1.94643
-1.94345
-1.94043
-1.93738
-1.93429
-1.93117
-1.92802
-1.92483
-1.9216
-1.91834
-1.91505
-1.91172
-1.90835
-1.90495
-1.90152
-1.89804
-1.89454
-1.89099
-1.88741
-1.88379
-1.88014
-1.87645
-1.87273
-1.86896
-1.86516
-1.86133
-1.85745
-1.85354
-1.84959
-1.84561
-1.84158
-1.83752
-1.83342
-1.82929
-1.82511
-1.8209
-1.81665
-1.81236
-1.80803
-1.80366
-1.79925
-1.79481
-1.79033
-1.7858
-1.78124
-1.77664
-1.772
-1.76732
-1.7626
-1.75784
-1.75304
-1.7482
-1.74333
-1.73841
-1.73345
-1.72845
-1.72341
-1.71833
-1.71321
-1.70805
-1.70285
-1.6976
-1.69232
-1.687
-1.68163
-1.67622
-1.67078
-1.66529
-1.65976
-1.65419
-1.64857
-1.64292
-1.63722
-1.63148
-1.6257
-1.61988
-1.61402
-1.60811
-1.60216
-1.59617
-1.59014
-1.58407
-1.57795
-1.57179
-1.56559
-1.55935
-1.55306
-1.54673
-1.54036
-1.53394
-1.52749
-1.52099
-1.51444
-1.50786
-1.50123
-1.49456
-1.48784
-1.48109
-1.47429
-1.46744
-1.46056
-1.45363
-1.44665
-1.43964
-1.43258
-1.42547
-1.41833
-1.41114
-1.40391
-1.39663
-1.38931
-1.38195
-1.37454
-1.36709
-1.3596
-1.35207
-1.34449
-1.33686
-1.3292
-1.32149
-1.31373
-1.30594
-1.2981
-1.29022
-1.28229
-1.27432
-1.26631
-1.25825
-1.25015
-1.24201
-1.23382
-1.22559
-1.21732
-1.20901
-1.20065
-1.19225
-1.1838
-1.17531
-1.16678
-1.15821
-1.14959
-1.14093
-1.13223
-1.12349
-1.1147
-1.10587
-1.097
-1.08808
-1.07913
-1.07013
-1.06108
-1.052
-1.04287
-1.0337
-1.02449
-1.01524
-1.00594
-0.996608
-0.98723
-0.97781
-0.968348
-0.958845
-0.9493
-0.939715
-0.930088
-0.920419
-0.91071
-0.90096
-0.891169
-0.881337
-0.871465
-0.861552
-0.851599
-0.841606
-0.831572
-0.821498
-0.811385
-0.801231
-0.791038
-0.780806
-0.770534
-0.760222
-0.749872
-0.739482
-0.729054
-0.718587
-0.708081
-0.697537
-0.686954
-0.676333
-0.665674
-0.654978
-0.644243
-0.633471
-0.622662
-0.611816
-0.600932
-0.590011
-0.579054
-0.56806
-0.55703
-0.545964
-0.534861
-0.523723
-0.512549
-0.501339
-0.490094
-0.478814
-0.467499
-0.45615
-0.444765
-0.433347
-0.421894
-0.410407
-0.398887
-0.387333
-0.375746
-0.364125
-0.352472
-0.340786
-0.329067
-0.317317
-0.305534
-0.293719
-0.281873
-0.269995
-0.258087
-0.246147
-0.234177
-0.222176
-0.210145
-0.198084
-0.185993
-0.173873
-0.161724
-0.149546
-0.137339
-0.125104
-0.11284
-0.100548
-0.088229
-0.0758823
-0.0635084
-0.0511076
-0.0386802
-0.0262264
-0.0137465
-0.00124085
0.0112904
0.0238469
0.0364284
0.0490346
0.0616652
0.07432
0.0869986
0.0997007
0.112426
0.125175
0.137946
0.150739
0.163555
0.176392
0.189251
0.20213
0.215031
0.227953
0.240894
0.253856
0.266837
0.279837
0.292856
0.305894
0.318951
0.332025
0.345117
0.358226
0.371353
0.384496
0.397655
0.410831
0.424022
0.437228
0.45045
0.463686
0.476936
0.490201
0.503479
0.51677
0.530074
0.543391
0.55672
0.570061
0.583413
0.596777
0.610151
0.623536
0.636931
0.650335
0.663749
0.677172
0.690604
0.704043
0.717491
0.730946
0.744408
0.757877
0.771352
0.784833
0.798319
0.811811
0.825308
0.838809
0.852314
0.865823
0.879335
0.89285
0.906368
0.919887
0.933409
0.946931
0.960455
0.973979
0.987503
1.00103
1.01455
1.02807
1.04159
1.05511
1.06863
1.08214
1.09565
1.10916
1.12266
1.13616
1.14965
1.16314
1.17663
1.1901
1.20357
1.21704
1.23049
1.24394
1.25738
1.27082
1.28424
1.29765
1.31106
1.32445
1.33783
1.35121
1.36457
1.37792
1.39125
1.40458
1.41789
1.43118
1.44447
1.45774
1.47099
1.48423
1.49745
1.51066
1.52385
1.53702
1.55017
1.56331
1.57643
1.58953
1.60261
1.61567
1.62871
1.64173
1.65473
1.66771
1.68066
1.6936
1.70651
1.71939
1.73226
1.7451
1.75791
1.7707
1.78347
1.79621
1.80892
1.82161
1.83427
1.8469
1.8595
1.87208
1.88462
1.89714
1.90963
1.92208
1.93451
1.9469
1.95927
1.9716
1.9839
1.99617
2.0084
2.0206
2.03276
2.04489
2.05699
2.06905
2.08107
2.09306
2.10501
2.11692
2.1288
2.14064
2.15244
2.1642
2.17592
2.1876
2.19924
2.21084
2.2224
2.23392
2.2454
2.25683
2.26822
2.27957
2.29087
2.30213
2.31335
2.32452
2.33564
2.34672
2.35775
2.36874
2.37968
2.39057
2.40141
2.41221
2.42295
2.43365
2.4443
2.4549
2.46544
2.47594
2.48639
2.49678
2.50712
2.51741
2.52765
2.53783
2.54796
2.55804
2.56806
2.57803
2.58794
2.59779
2.60759
2.61734
2.62702
2.63665
2.64623
2.65574
2.66519
2.67459
2.68393
2.69321
2.70243
2.71158
2.72068
2.72972
2.73869
2.74761
2.75646
2.76525
2.77397
2.78263
2.79123
2.79977
2.80824
2.81664
2.82498
2.83326
2.84147
2.84961
2.85769
2.8657
2.87364
2.88152
2.88933
2.89707
2.90474
2.91234
2.91988
2.92734
2.93473
2.94206
2.94931
2.95649
2.9636
2.97064
2.97761
2.98451
2.99133
2.99808
3.00476
3.01137
3.0179
3.02435
3.03074
3.03705
3.04328
3.04944
3.05552
3.06153
3.06746
3.07331
3.07909
3.0848
3.09042
3.09597
3.10144
3.10683
3.11214
3.11738
3.12254
3.12761
3.13261
3.13753
3.14237
3.14713
3.15181
3.15641
3.16092
3.16536
3.16972
3.17399
3.17819
3.1823
3.18633
3.19027
3.19414
3.19792
3.20162
3.20523
3.20877
3.21221
3.21558
3.21886
3.22206
3.22517
3.2282
3.23114
3.234
3.23677
3.23946
3.24206
3.24458
3.24701
3.24936
3.25161
3.25379
3.25587
3.25787
3.25979
3.26161
3.26335
3.265
3.26657
3.26805
3.26944
3.27074
3.27195
3.27308
3.27412
3.27507
3.27593
3.2767
3.27739
3.27798
3.27849
3.27891
3.27924
3.27948
3.27963
3.27969
3.27966
3.27955
3.27934
3.27905
3.27866
3.27819
3.27762
3.27697
3.27622
3.27539
3.27447
3.27345
3.27235
3.27115
3.26987
3.2685
3.26703
3.26548
3.26383
3.2621
3.26027
3.25836
3.25635
3.25425
3.25207
3.24979
3.24742
3.24497
3.24242
3.23978
3.23705
3.23423
3.23132
3.22832
3.22524
3.22206
3.21879
3.21543
3.21198
3.20844
3.20481
3.20109
3.19728
3.19338
3.18939
3.18531
3.18115
3.17689
3.17254
3.16811
3.16358
3.15897
3.15426
3.14947
3.14459
3.13962
3.13456
3.12941
3.12417
3.11885
3.11344
3.10794
3.10235
3.09667
3.0909
3.08505
3.07911
3.07309
3.06697
3.06077
3.05448
3.04811
3.04164
3.0351
3.02846
3.02174
3.01493
3.00804
3.00106
2.994
2.98685
2.97962
2.9723
2.96489
2.9574
2.94983
2.94218
2.93444
2.92661
2.9187
2.91071
2.90264
2.89448
2.88624
2.87792
2.86952
2.86103
2.85246
2.84381
2.83508
2.82627
2.81738
2.8084
2.79935
2.79022
2.78101
2.77171
2.76234
2.75289
2.74336
2.73376
2.72407
2.71431
2.70447
2.69455
2.68455
2.67448
2.66433
2.65411
2.64381
2.63343
2.62298
2.61246
2.60186
2.59118
2.58043
2.56961
2.55872
2.54775
2.53671
2.5256
2.51441
2.50315
2.49183
2.48043
2.46896
2.45742
2.44581
2.43413
2.42238
2.41056
2.39868
2.38673
2.3747
2.36262
2.35046
2.33824
2.32595
2.31359
2.30117
2.28869
2.27614
2.26353
2.25085
2.23811
2.2253
2.21243
2.1995
2.18651
2.17346
2.16034
2.14717
2.13393
2.12064
2.10728
2.09387
2.0804
2.06687
2.05328
2.03963
2.02593
2.01217
1.99835
1.98448
1.97056
1.95658
1.94254
1.92845
1.91431
1.90011
1.88587
1.87157
1.85721
1.84281
1.82836
1.81385
1.7993
1.7847
1.77004
1.75534
1.74059
1.7258
1.71096
1.69607
1.68113
1.66615
1.65113
1.63605
1.62094
1.60578
1.59058
1.57534
1.56005
1.54472
1.52935
1.51394
1.49849
1.483
1.46747
1.45191
1.4363
1.42066
1.40498
1.38926
1.3735
1.35771
1.34189
1.32603
1.31014
1.29421
1.27825
1.26225
1.24623
1.23017
1.21408
1.19796
1.18182
1.16564
1.14943
1.13319
1.11693
1.10064
1.08432
1.06798
1.0516
1.03521
1.01879
1.00234
0.985873
0.969381
0.952865
0.936328
0.919769
0.903189
0.886588
0.869967
0.853326
0.836667
0.819989
0.803293
0.786579
0.769849
0.753102
0.73634
0.719562
0.70277
0.685963
0.669143
0.652309
0.635463
0.618605
0.601735
0.584854
0.567963
0.551062
0.534152
0.517232
0.500305
0.48337
0.466427
0.449478
0.432523
0.415562
0.398596
0.381625
0.364651
0.347673
0.330692
0.313709
0.296724
0.279738
0.26275
0.245763
0.228776
0.21179
0.194805
0.177823
0.160842
0.143865
0.126891
0.109922
0.0929566
0.0759966
0.0590423
0.0420942
0.0251528
0.00821874
-0.00870757
-0.0256256
-0.0425347
-0.0594345
-0.0763243
-0.0932037
-0.110072
-0.126929
-0.143774
-0.160607
-0.177426
-0.194232
-0.211023
-0.2278
-0.244562
-0.261309
-0.278039
-0.294752
-0.311448
-0.328127
-0.344787
-0.361429
-0.378051
-0.394653
-0.411235
-0.427797
-0.444337
-0.460855
-0.477351
-0.493824
-0.510274
-0.5267
-0.543102
-0.559479
-0.575831
-0.592157
-0.608456
-0.624729
-0.640974
-0.657192
-0.673382
-0.689542
-0.705674
-0.721776
-0.737847
-0.753888
-0.769898
-0.785876
-0.801822
-0.817735
-0.833616
-0.849463
-0.865276
-0.881054
-0.896797
-0.912506
-0.928178
-0.943814
-0.959413
-0.974975
-0.990499
-1.00599
-1.02143
-1.03684
-1.05221
-1.06754
-1.08283
-1.09808
-1.11328
-1.12845
-1.14357
-1.15865
-1.17369
-1.18868
-1.20363
-1.21854
-1.2334
-1.24821
-1.26298
-1.27771
-1.29238
-1.30702
-1.3216
-1.33614
-1.35062
-1.36506
-1.37946
-1.3938
-1.40809
-1.42233
-1.43652
-1.45066
-1.46475
-1.47879
-1.49278
-1.50671
-1.52059
-1.53442
-1.5482
-1.56192
-1.57558
-1.58919
-1.60275
-1.61625
-1.6297
-1.64309
-1.65642
-1.6697
-1.68292
-1.69608
-1.70919
-1.72223
-1.73522
-1.74815
-1.76102
-1.77383
-1.78658
-1.79927
-1.8119
-1.82447
-1.83698
-1.84943
-1.86182
-1.87414
-1.8864
-1.8986
-1.91074
-1.92281
-1.93482
-1.94677
-1.95865
-1.97046
-1.98222
-1.9939
-2.00553
-2.01708
-2.02857
-2.04
-2.05136
-2.06265
-2.07388
-2.08504
-2.09613
-2.10715
-2.11811
-2.12899
-2.13981
-2.15056
-2.16125
-2.17186
-2.1824
-2.19288
-2.20328
-2.21362
-2.22388
-2.23407
-2.2442
-2.25425
-2.26423
-2.27414
-2.28398
-2.29375
-2.30344
-2.31307
-2.32262
-2.3321
-2.3415
-2.35084
-2.3601
-2.36929
-2.3784
-2.38744
-2.39641
-2.4053
-2.41412
-2.42287
-2.43154
-2.44014
-2.44866
-2.45711
-2.46548
-2.47378
-2.482
-2.49015
-2.49822
-2.50621
-2.51413
-2.52198
-2.52975
-2.53744
-2.54506
-2.5526
-2.56006
-2.56745
-2.57476
-2.582
-2.58916
-2.59624
-2.60324
-2.61017
-2.61702
-2.6238
-2.63049
-2.63711
-2.64365
-2.65012
-2.6565
-2.66281
-2.66905
-2.6752
-2.68128
-2.68728
-2.6932
-2.69904
-2.7048
-2.71049
-2.7161
-2.72163
-2.72709
-2.73246
-2.73776
-2.74298
-2.74812
-2.75318
-2.75817
-2.76308
-2.7679
-2.77266
-2.77733
-2.78192
-2.78644
-2.79088
-2.79524
-2.79952
-2.80373
-2.80785
-2.8119
-2.81587
-2.81976
-2.82358
-2.82732
-2.83098
-2.83456
-2.83806
-2.84149
-2.84484
-2.84811
-2.8513
-2.85442
-2.85746
-2.86042
-2.8633
-2.86611
-2.86884
-2.87149
-2.87407
-2.87657
-2.87899
-2.88133
-2.8836
-2.8858
-2.88791
-2.88995
-2.89192
-2.8938
-2.89562
-2.89735
-2.89901
-2.9006
-2.90211
-2.90354
-2.9049
-2.90618
-2.90739
-2.90852
-2.90958
-2.91056
-2.91147
-2.91231
-2.91307
-2.91375
-2.91437
-2.9149
-2.91537
-2.91576
-2.91608
-2.91632
-2.9165
-2.9166
-2.91662
-2.91658
-2.91646
-2.91627
-2.91601
-2.91567
-2.91527
-2.91479
-2.91424
-2.91362
-2.91293
-2.91217
-2.91134
-2.91043
-2.90946
-2.90842
-2.90731
-2.90613
-2.90488
-2.90356
-2.90217
-2.90071
-2.89918
-2.89759
-2.89593
-2.8942
-2.8924
-2.89054
-2.8886
-2.88661
-2.88454
-2.88241
-2.88021
-2.87795
-2.87562
-2.87322
-2.87076
-2.86823
-2.86564
-2.86299
-2.86027
-2.85749
-2.85464
-2.85173
-2.84875
-2.84572
-2.84262
-2.83945
-2.83623
-2.83294
-2.8296
-2.82619
-2.82271
-2.81918
-2.81559
-2.81194
-2.80823
-2.80445
-2.80062
-2.79673
-2.79278
-2.78877
-2.7847
-2.78058
-2.77639
-2.77215
-2.76785
-2.7635
-2.75908
-2.75461
-2.75009
-2.74551
-2.74087
-2.73618
-2.73144
-2.72663
-2.72178
-2.71687
-2.71191
-2.70689
-2.70182
-2.6967
-2.69152
-2.68629
-2.68101
-2.67568
-2.6703
-2.66487
-2.65938
-2.65385
-2.64826
-2.64263
-2.63695
-2.63121
-2.62543
-2.6196
-2.61372
-2.6078
-2.60182
-2.5958
-2.58973
-2.58362
-2.57746
-2.57125
-2.565
-2.5587
-2.55236
-2.54597
-2.53954
-2.53306
-2.52654
-2.51998
-2.51337
-2.50673
-2.50004
-2.4933
-2.48653
-2.47971
-2.47285
-2.46596
-2.45902
-2.45204
-2.44502
-2.43797
-2.43087
-2.42373
-2.41656
-2.40935
-2.4021
-2.39481
-2.38749
-2.38013
-2.37273
-2.3653
-2.35783
-2.35032
-2.34278
-2.33521
-2.3276
-2.31996
-2.31228
-2.30457
-2.29683
-2.28905
-2.28124
-2.2734
-2.26553
-2.25762
-2.24969
-2.24172
-2.23373
-2.2257
-2.21764
-2.20956
-2.20144
-2.1933
-2.18513
-2.17693
-2.1687
-2.16044
-2.15216
-2.14385
-2.13551
-2.12715
-2.11876
-2.11035
-2.10191
-2.09344
-2.08495
-2.07644
-2.0679
-2.05934
-2.05076
-2.04215
-2.03352
-2.02487
-2.0162
-2.0075
-1.99878
-1.99005
-1.98129
-1.97251
-1.96371
-1.95489
-1.94605
-1.93719
-1.92831
-1.91942
-1.9105
-1.90157
-1.89262
-1.88366
-1.87467
-1.86567
-1.85665
-1.84762
-1.83857
-1.82951
-1.82043
-1.81133
-1.80222
-1.7931
-1.78396
-1.77481
-1.76565
-1.75647
-1.74728
-1.73808
-1.72886
-1.71963
-1.71039
-1.70114
-1.69188
-1.68261
-1.67332
-1.66403
-1.65473
-1.64541
-1.63609
-1.62676
-1.61742
-1.60807
-1.59871
-1.58935
-1.57997
-1.57059
-1.5612
-1.55181
-1.54241
-1.533
-1.52358
-1.51416
-1.50474
-1.4953
-1.48587
-1.47643
-1.46698
-1.45753
-1.44807
-1.43861
-1.42915
-1.41969
-1.41022
-1.40075
-1.39127
-1.38179
-1.37232
-1.36283
-1.35335
-1.34387
-1.33438
-1.3249
-1.31541
-1.30592
-1.29643
-1.28694
-1.27746
-1.26797
-1.25848
-1.249
-1.23951
-1.23003
-1.22054
-1.21106
-1.20158
-1.19211
-1.18263
-1.17316
-1.16369
-1.15423
-1.14476
-1.1353
-1.12585
-1.11639
-1.10695
-1.0975
-1.08806
-1.07863
-1.06919
-1.05977
-1.05035
-1.04093
-1.03152
-1.02212
-1.01272
-1.00333
-0.993939
-0.984558
-0.975185
-0.965817
-0.956457
-0.947104
-0.937757
-0.928419
-0.919087
-0.909763
-0.900448
-0.89114
-0.88184
-0.872548
-0.863265
-0.853991
-0.844725
-0.835468
-0.82622
-0.816982
-0.807752
-0.798533
-0.789322
-0.780122
-0.770931
-0.76175
-0.75258
-0.743419
-0.734269
-0.72513
-0.716001
-0.706883
-0.697776
-0.68868
-0.679595
-0.670521
-0.661458
-0.652407
-0.643368
-0.63434
-0.625324
-0.61632
-0.607328
-0.598348
-0.58938
-0.580424
-0.571481
-0.56255
-0.553632
-0.544727
-0.535834
-0.526954
-0.518087
-0.509233
-0.500393
-0.491565
-0.482751
-0.47395
-0.465162
-0.456388
-0.447627
-0.43888
-0.430147
-0.421428
-0.412722
-0.40403
-0.395352
-0.386689
-0.378039
-0.369404
-0.360782
-0.352175
-0.343582
-0.335004
-0.32644
-0.317891
-0.309356
-0.300835
-0.292329
-0.283838
-0.275362
-0.2669
-0.258453
-0.250021
-0.241604
-0.233201
-0.224814
-0.216441
-0.208083
-0.199741
-0.191413
-0.1831
-0.174803
-0.16652
-0.158253
-0.150001
-0.141763
-0.133541
-0.125335
-0.117143
-0.108967
-0.100806
-0.0926596
-0.0845288
-0.0764133
-0.0683131
-0.0602281
-0.0521583
-0.0441038
-0.0360645
-0.0280404
-0.0200317
-0.0120381
-0.00405978
0.00390331
0.0118512
0.0197839
0.0277013
0.0356036
0.0434907
0.0513626
0.0592194
0.0670611
0.0748876
0.082699
0.0904954
0.0982767
0.106043
0.113794
0.121531
0.129252
0.136958
0.14465
0.152326
0.159988
0.167635
0.175267
0.182884
0.190487
0.198075
0.205648
0.213207
0.220751
0.228281
0.235796
0.243296
0.250782
0.258254
0.265711
0.273155
0.280583
0.287998
0.295399
0.302785
0.310157
0.317516
0.32486
0.33219
0.339507
0.34681
0.354099
0.361374
0.368635
0.375883
0.383118
0.390339
0.397546
0.40474
0.411921
0.419089
0.426243
0.433384
0.440512
0.447627
0.454729
0.461818
0.468895
0.475958
0.483009
0.490047
0.497073
0.504086
0.511086
0.518074
0.52505
0.532014
0.538965
0.545904
0.552831
0.559746
0.56665
0.573541
0.58042
0.587288
0.594144
0.600989
0.607822
0.614643
0.621453
0.628252
0.63504
0.641816
0.648582
0.655336
0.662079
0.668811
0.675533
0.682244
0.688944
0.695634
0.702312
0.708981
0.715639
0.722287
0.728924
0.735552
0.742169
0.748776
0.755373
0.761961
0.768538
0.775106
0.781664
0.788212
0.794751
0.80128
0.8078
0.814311
0.820812
0.827304
0.833787
0.840261
0.846726
0.853182
0.859629
0.866067
0.872497
0.878918
0.88533
0.891734
0.898129
0.904516
0.910895
0.917265
0.923628
0.929982
0.936328
0.942666
0.948996
0.955318
0.961632
0.967938
0.974237
0.980528
0.986812
0.993088
0.999357
1.00562
1.01187
1.01812
1.02436
1.03059
1.03681
1.04303
1.04924
1.05545
1.06164
1.06783
1.07402
1.08019
1.08636
1.09253
1.09868
1.10483
1.11098
1.11712
1.12325
1.12937
1.13549
1.1416
1.14771
1.1538
1.1599
1.16598
1.17206
1.17814
1.18421
1.19027
1.19633
1.20238
1.20842
1.21446
1.22049
1.22652
1.23254
1.23856
1.24457
1.25057
1.25657
1.26257
1.26855
1.27453
1.28051
1.28648
1.29245
1.29841
1.30436
1.31031
1.31625
1.32219
1.32812
1.33405
1.33997
1.34589
1.3518
1.3577
1.3636
1.36949
1.37538
1.38127
1.38714
1.39302
1.39888
1.40475
1.4106
1.41645
1.4223
1.42814
1.43397
1.4398
1.44563
1.45144
1.45726
1.46306
1.46886
1.47466
1.48045
1.48624
1.49202
1.49779
1.50356
1.50932
1.51507
1.52083
1.52657
1.53231
1.53804
1.54377
1.54949
1.55521
1.56092
1.56662
1.57232
1.57801
1.58369
1.58937
1.59504
1.60071
1.60637
1.61202
1.61767
1.62331
1.62894
1.63457
1.64019
1.64581
1.65141
1.65701
1.66261
1.66819
1.67377
1.67934
1.68491
1.69047
1.69602
1.70156
1.70709
1.71262
1.71814
1.72365
1.72916
1.73465
1.74014
1.74562
1.75109
1.75656
1.76201
1.76746
1.7729
1.77833
1.78375
1.78916
1.79456
1.79996
1.80534
1.81072
1.81609
1.82144
1.82679
1.83213
1.83746
1.84278
1.84809
1.85338
1.85867
1.86395
1.86922
1.87447
1.87972
1.88496
1.89018
1.89539
1.9006
1.90579
1.91097
1.91613
1.92129
1.92643
1.93157
1.93669
1.9418
1.94689
1.95197
1.95704
1.9621
1.96715
1.97218
1.9772
1.9822
1.98719
1.99217
1.99713
2.00208
2.00702
2.01194
2.01685
2.02174
2.02662
2.03148
2.03632
2.04116
2.04597
2.05077
2.05556
2.06033
2.06508
2.06982
2.07454
2.07924
2.08393
2.0886
2.09325
2.09789
2.1025
2.1071
2.11169
2.11625
2.1208
2.12532
2.12983
2.13432
2.13879
2.14325
2.14768
2.15209
2.15649
2.16086
2.16521
2.16954
2.17386
2.17815
2.18242
2.18667
2.1909
2.1951
2.19929
2.20345
2.20759
2.21171
2.21581
2.21988
2.22393
2.22796
2.23196
2.23594
2.2399
2.24383
2.24774
2.25163
2.25548
2.25932
2.26313
2.26691
2.27067
2.2744
2.27811
2.28179
2.28545
2.28908
2.29268
2.29625
2.2998
2.30332
2.30681
2.31027
2.31371
2.31712
2.3205
2.32385
2.32717
2.33046
2.33372
2.33695
2.34016
2.34333
2.34647
2.34958
2.35266
2.35571
2.35873
2.36172
2.36467
2.3676
2.37049
2.37335
2.37617
2.37897
2.38173
2.38445
2.38714
2.3898
2.39243
2.39502
2.39758
2.4001
2.40258
2.40503
2.40745
2.40983
2.41217
2.41448
2.41675
2.41899
2.42118
2.42335
2.42547
2.42755
2.4296
2.43161
2.43358
2.43552
2.43741
2.43927
2.44108
2.44286
2.4446
2.4463
2.44795
2.44957
2.45115
2.45268
2.45418
2.45563
2.45704
2.45841
2.45974
2.46103
2.46227
2.46347
2.46463
2.46574
2.46681
2.46784
2.46883
2.46977
2.47066
2.47151
2.47232
2.47308
2.4738
2.47447
2.4751
2.47568
2.47621
2.4767
2.47714
2.47753
2.47788
2.47818
2.47844
2.47864
2.4788
2.47891
2.47897
2.47899
2.47895
2.47887
2.47874
2.47856
2.47832
2.47804
2.47771
2.47733
2.4769
2.47642
2.47589
2.47531
2.47467
2.47399
2.47325
2.47246
2.47163
2.47073
2.46979
2.46879
2.46775
2.46664
2.46549
2.46428
2.46302
2.46171
2.46034
2.45892
2.45744
2.45591
2.45433
2.45269
2.451
2.44925
2.44745
2.44559
2.44367
2.4417
2.43968
2.4376
2.43546
2.43327
2.43102
2.42871
2.42635
2.42393
2.42145
2.41892
2.41633
2.41368
2.41097
2.40821
2.40539
2.40251
2.39957
2.39657
2.39352
2.39041
2.38723
2.384
2.38071
2.37737
2.37396
2.37049
2.36696
2.36338
