3
3
2.99992
2.99976
2.99952
2.9992
2.9988
2.99832
2.99776
2.99712
2.9964
2.9956
2.99472
2.99376
2.99272
2.9916
2.99041
2.98913
2.98777
2.98633
2.98481
2.98322
2.98154
2.97978
2.97795
2.97604
2.97404
2.97197
2.96982
2.96759
2.96528
2.96289
2.96042
2.95787
2.95525
2.95255
2.94976
2.9469
2.94397
2.94095
2.93786
2.93468
2.93143
2.9281
2.9247
2.92122
2.91766
2.91402
2.9103
2.90651
2.90264
2.8987
2.89468
2.89058
2.8864
2.88215
2.87782
2.87342
2.86894
2.86439
2.85976
2.85505
2.85027
2.84542
2.84049
2.83549
2.83041
2.82525
2.82003
2.81473
2.80935
2.8039
2.79838
2.79279
2.78712
2.78138
2.77556
2.76968
2.76372
2.75769
2.75159
2.74542
2.73917
2.73286
2.72647
2.72001
2.71349
2.70689
2.70022
2.69348
2.68668
2.6798
2.67285
2.66584
2.65876
2.6516
2.64438
2.6371
2.62974
2.62232
2.61483
2.60727
2.59965
2.59196
2.5842
2.57638
2.56849
2.56054
2.55252
2.54444
2.53629
2.52808
2.51981
2.51147
2.50307
2.4946
2.48607
2.47748
2.46883
2.46012
2.45134
2.4425
2.4336
2.42464
2.41562
2.40654
2.3974
2.3882
2.37895
2.36963
2.36025
2.35082
2.34133
2.33178
2.32217
2.31251
2.30278
2.29301
2.28317
2.27329
2.26334
2.25334
2.24329
2.23318
2.22302
2.2128
2.20254
2.19221
2.18184
2.17141
2.16093
2.1504
2.13982
2.12919
2.11851
2.10778
2.09699
2.08616
2.07528
2.06435
2.05337
2.04235
2.03127
2.02015
2.00898
1.99777
1.98651
1.9752
1.96385
1.95245
1.94101
1.92953
1.918
1.90643
1.89481
1.88315
1.87145
1.85971
1.84792
1.8361
1.82423
1.81232
1.80038
1.78839
1.77636
1.7643
1.7522
1.74006
1.72788
1.71566
1.70341
1.69112
1.67879
1.66643
1.65404
1.6416
1.62914
1.61664
1.60411
1.59154
1.57894
1.56631
1.55364
1.54095
1.52822
1.51546
1.50268
1.48986
1.47701
1.46414
1.45123
1.4383
1.42534
1.41235
1.39933
1.38629
1.37322
1.36012
1.347
1.33386
1.32069
1.3075
1.29428
1.28104
1.26777
1.25449
1.24118
1.22785
1.2145
1.20113
1.18773
1.17432
1.16089
1.14744
1.13397
1.12048
1.10698
1.09345
1.07991
1.06636
1.05278
1.03919
1.02559
1.01197
0.998337
0.984689
0.971028
0.957354
0.943666
0.929967
0.916255
0.902532
0.888798
0.875053
0.861298
0.847533
0.833758
0.819974
0.806182
0.792382
0.778574
0.764758
0.750936
0.737107
0.723272
0.709431
0.695586
0.681735
0.66788
0.65402
0.640158
0.626292
0.612423
0.598552
0.584679
0.570804
0.556928
0.543052
0.529175
0.515298
0.501422
0.487547
0.473673
0.459801
0.445931
0.432063
0.418199
0.404337
0.39048
0.376627
0.362778
0.348934
0.335096
0.321263
0.307437
0.293617
0.279804
0.265998
0.2522
0.23841
0.224629
0.210857
0.197094
0.18334
0.169597
0.155864
0.142142
0.128432
0.114733
0.101046
0.0873711
0.0737093
0.0600605
0.0464254
0.0328041
0.0191971
0.00560482
-0.00797246
-0.0215343
-0.0350804
-0.0486103
-0.0621238
-0.0756203
-0.0890996
-0.102561
-0.116005
-0.12943
-0.142837
-0.156224
-0.169592
-0.182941
-0.196269
-0.209577
-0.222864
-0.236129
-0.249373
-0.262596
-0.275796
-0.288973
-0.302127
-0.315259
-0.328366
-0.34145
-0.354509
-0.367544
-0.380553
-0.393538
-0.406496
-0.419429
-0.432336
-0.445216
-0.458069
-0.470894
-0.483692
-0.496462
-0.509204
-0.521918
-0.534602
-0.547258
-0.559883
-0.572479
-0.585045
-0.597581
-0.610086
-0.622559
-0.635002
-0.647412
-0.659791
-0.672138
-0.684452
-0.696733
-0.708982
-0.721196
-0.733377
-0.745525
-0.757637
-0.769716
-0.781759
-0.793768
-0.805741
-0.817678
-0.82958
-0.841445
-0.853274
-0.865066
-0.876821
-0.888539
-0.90022
-0.911862
-0.923467
-0.935033
-0.946561
-0.95805
-0.9695
-0.980911
-0.992282
-1.00361
-1.0149
-1.02616
-1.03737
-1.04854
-1.05966
-1.07075
-1.0818
-1.0928
-1.10377
-1.11469
-1.12557
-1.1364
-1.14719
-1.15794
-1.16865
-1.17931
-1.18993
-1.20051
-1.21104
-1.22153
-1.23197
-1.24237
-1.25273
-1.26304
-1.2733
-1.28352
-1.29369
-1.30382
-1.3139
-1.32393
-1.33392
-1.34387
-1.35376
-1.36361
-1.37341
-1.38317
-1.39287
-1.40253
-1.41214
-1.42171
-1.43123
-1.44069
-1.45011
-1.45948
-1.46881
-1.47808
-1.48731
-1.49648
-1.50561
-1.51469
-1.52372
-1.53269
-1.54162
-1.5505
-1.55933
-1.56811
-1.57684
-1.58552
-1.59415
-1.60272
-1.61125
-1.61973
-1.62815
-1.63652
-1.64485
-1.65312
-1.66134
-1.66951
-1.67763
-1.68569
-1.69371
-1.70167
-1.70958
-1.71744
-1.72524
-1.733
-1.7407
-1.74835
-1.75594
-1.76349
-1.77098
-1.77842
-1.78581
-1.79314
-1.80042
-1.80765
-1.81483
-1.82195
-1.82902
-1.83603
-1.843
-1.84991
-1.85676
-1.86357
-1.87032
-1.87701
-1.88366
-1.89025
-1.89678
-1.90327
-1.9097
-1.91607
-1.92239
-1.92866
-1.93488
-1.94104
-1.94714
-1.9532
-1.9592
-1.96514
-1.97104
-1.97687
-1.98266
-1.98839
-1.99407
-1.99969
-2.00526
-2.01078
-2.01624
-2.02165
-2.027
-2.0323
-2.03755
-2.04274
-2.04788
-2.05297
-2.058
-2.06298
-2.0679
-2.07277
-2.07759
-2.08236
-2.08707
-2.09172
-2.09633
-2.10088
-2.10537
-2.10982
-2.11421
-2.11854
-2.12283
-2.12706
-2.13124
-2.13536
-2.13943
-2.14345
-2.14742
-2.15133
-2.15519
-2.15899
-2.16275
-2.16645
-2.1701
-2.1737
-2.17724
-2.18073
-2.18417
-2.18756
-2.19089
-2.19418
-2.19741
-2.20059
-2.20371
-2.20679
-2.20981
-2.21279
-2.21571
-2.21858
-2.22139
-2.22416
-2.22688
-2.22954
-2.23216
-2.23472
-2.23723
-2.23969
-2.2421
-2.24446
-2.24677
-2.24903
-2.25124
-2.2534
-2.25551
-2.25757
-2.25958
-2.26154
-2.26345
-2.26532
-2.26713
-2.26889
-2.27061
-2.27227
-2.27389
-2.27546
-2.27698
-2.27845
-2.27987
-2.28125
-2.28257
-2.28385
-2.28508
-2.28627
-2.2874
-2.28849
-2.28953
-2.29053
-2.29148
-2.29238
-2.29323
-2.29404
-2.2948
-2.29551
-2.29618
-2.2968
-2.29738
-2.29791
-2.2984
-2.29884
-2.29923
-2.29958
-2.29989
-2.30015
-2.30036
-2.30054
-2.30066
-2.30074
-2.30078
-2.30078
-2.30073
-2.30064
-2.3005
-2.30032
-2.3001
-2.29983
-2.29953
-2.29917
-2.29878
-2.29835
-2.29787
-2.29735
-2.29679
-2.29619
-2.29554
-2.29486
-2.29413
-2.29336
-2.29255
-2.2917
-2.29081
-2.28988
-2.28891
-2.28791
-2.28686
-2.28577
-2.28464
-2.28347
-2.28226
-2.28102
-2.27973
-2.27841
-2.27705
-2.27565
-2.27421
-2.27274
-2.27122
-2.26967
-2.26808
-2.26646
-2.2648
-2.2631
-2.26136
-2.25959
-2.25778
-2.25594
-2.25405
-2.25214
-2.25019
-2.2482
-2.24618
-2.24412
-2.24203
-2.2399
-2.23774
-2.23554
-2.23331
-2.23105
-2.22875
-2.22642
-2.22406
-2.22166
-2.21923
-2.21676
-2.21427
-2.21174
-2.20918
-2.20658
-2.20396
-2.2013
-2.19861
-2.19589
-2.19314
-2.19035
-2.18754
-2.1847
-2.18182
-2.17892
-2.17598
-2.17301
-2.17002
-2.16699
-2.16394
-2.16085
-2.15774
-2.1546
-2.15143
-2.14823
-2.145
-2.14174
-2.13846
-2.13515
-2.13181
-2.12844
-2.12504
-2.12162
-2.11817
-2.1147
-2.11119
-2.10766
-2.10411
-2.10053
-2.09692
-2.09328
-2.08962
-2.08594
-2.08223
-2.07849
-2.07473
-2.07095
-2.06714
-2.0633
-2.05944
-2.05556
-2.05165
-2.04772
-2.04377
-2.03979
-2.03579
-2.03176
-2.02771
-2.02364
-2.01955
-2.01543
-2.01129
-2.00713
-2.00295
-1.99874
-1.99452
-1.99027
-1.986
-1.98171
-1.9774
-1.97306
-1.96871
-1.96433
-1.95994
-1.95552
-1.95109
-1.94663
-1.94215
-1.93766
-1.93314
-1.92861
-1.92405
-1.91948
-1.91488
-1.91027
-1.90564
-1.90099
-1.89632
-1.89164
-1.88693
-1.88221
-1.87747
-1.87271
-1.86794
-1.86314
-1.85833
-1.8535
-1.84866
-1.84379
-1.83891
-1.83402
-1.8291
-1.82417
-1.81923
-1.81427
-1.80929
-1.80429
-1.79928
-1.79426
-1.78921
-1.78416
-1.77908
-1.774
-1.76889
-1.76377
-1.75864
-1.75349
-1.74833
-1.74315
-1.73796
-1.73275
-1.72753
-1.7223
-1.71705
-1.71179
-1.70651
-1.70122
-1.69591
-1.6906
-1.68526
-1.67992
-1.67456
-1.66919
-1.66381
-1.65841
-1.653
-1.64758
-1.64214
-1.6367
-1.63124
-1.62576
-1.62028
-1.61478
-1.60927
-1.60375
-1.59822
-1.59268
-1.58712
-1.58155
-1.57597
-1.57038
-1.56478
-1.55916
-1.55354
-1.5479
-1.54225
-1.5366
-1.53093
-1.52525
-1.51955
-1.51385
-1.50814
-1.50242
-1.49668
-1.49094
-1.48518
-1.47942
-1.47364
-1.46786
-1.46206
-1.45626
-1.45044
-1.44462
-1.43878
-1.43294
-1.42708
-1.42122
-1.41534
-1.40946
-1.40357
-1.39766
-1.39175
-1.38583
-1.3799
-1.37396
-1.36801
-1.36205
-1.35608
-1.3501
-1.34412
-1.33812
-1.33212
-1.32611
-1.32008
-1.31405
-1.30801
-1.30197
-1.29591
-1.28984
-1.28377
-1.27769
-1.2716
-1.2655
-1.25939
-1.25327
-1.24714
-1.24101
-1.23487
-1.22872
-1.22256
-1.21639
-1.21022
-1.20403
-1.19784
-1.19164
-1.18543
-1.17922
-1.17299
-1.16676
-1.16052
-1.15427
-1.14801
-1.14175
-1.13547
-1.12919
-1.1229
-1.11661
-1.1103
-1.10399
-1.09767
-1.09134
-1.085
-1.07866
-1.0723
-1.06594
-1.05958
-1.0532
-1.04681
-1.04042
-1.03402
-1.02761
-1.0212
-1.01478
-1.00834
-1.00191
-0.995458
-0.989003
-0.982541
-0.97607
-0.969592
-0.963105
-0.956611
-0.950109
-0.9436
-0.937082
-0.930557
-0.924023
-0.917482
-0.910933
-0.904376
-0.897811
-0.891239
-0.884658
-0.87807
-0.871473
-0.864869
-0.858257
-0.851637
-0.845008
-0.838372
-0.831728
-0.825076
-0.818416
-0.811748
-0.805072
-0.798388
-0.791696
-0.784996
-0.778288
-0.771572
-0.764847
-0.758115
-0.751374
-0.744625
-0.737869
-0.731104
-0.72433
-0.717549
-0.710759
-0.703961
-0.697155
-0.690341
-0.683518
-0.676687
-0.669848
-0.663
-0.656145
-0.64928
-0.642408
-0.635526
-0.628637
-0.621739
-0.614833
-0.607918
-0.600994
-0.594062
-0.587122
-0.580173
-0.573215
-0.566249
-0.559275
-0.552291
-0.545299
-0.538299
-0.531289
-0.524271
-0.517244
-0.510209
-0.503165
-0.496112
-0.48905
-0.481979
-0.4749
-0.467811
-0.460714
-0.453608
-0.446493
-0.439369
-0.432236
-0.425095
-0.417944
-0.410784
-0.403615
-0.396438
-0.389251
-0.382055
-0.37485
-0.367636
-0.360413
-0.353181
-0.34594
-0.338689
-0.33143
-0.324161
-0.316883
-0.309596
-0.302299
-0.294994
-0.287679
-0.280355
-0.273021
-0.265679
-0.258327
-0.250966
-0.243595
-0.236215
-0.228826
-0.221428
-0.21402
-0.206603
-0.199176
-0.191741
-0.184295
-0.176841
-0.169377
-0.161904
-0.154421
-0.146929
-0.139427
-0.131917
-0.124396
-0.116867
-0.109328
-0.101779
-0.0942215
-0.0866544
-0.0790778
-0.0714918
-0.0638964
-0.0562917
-0.0486775
-0.0410541
-0.0334212
-0.025779
-0.0181274
-0.0104665
-0.00279621
0.00488338
0.0125723
0.0202705
0.027978
0.0356948
0.0434209
0.0511562
0.0589008
0.0666546
0.0744176
0.0821898
0.0899712
0.0977617
0.105561
0.11337
0.121188
0.129015
0.136851
0.144696
0.15255
0.160413
0.168285
0.176166
0.184056
0.191955
0.199862
0.207779
0.215704
0.223638
0.23158
0.239532
0.247492
0.25546
0.263437
0.271423
0.279417
0.28742
0.295431
0.30345
0.311478
0.319514
0.327558
0.335611
0.343671
0.35174
0.359817
0.367901
0.375994
0.384095
0.392203
0.400319
0.408443
0.416575
0.424714
0.43286
0.441015
0.449176
0.457345
0.465522
0.473705
0.481896
0.490094
0.498299
0.506511
0.51473
0.522955
0.531188
0.539427
0.547672
0.555925
0.564183
0.572448
0.58072
0.588997
0.597281
0.605571
0.613867
0.622168
0.630476
0.638789
0.647107
0.655432
0.663761
0.672096
0.680437
0.688782
0.697133
0.705488
0.713849
0.722214
0.730584
0.738958
0.747337
0.75572
0.764107
0.772499
0.780894
0.789294
0.797697
0.806104
0.814515
0.822929
0.831346
0.839767
0.848191
0.856617
0.865047
0.873479
0.881914
0.890352
0.898792
0.907234
0.915678
0.924125
0.932573
0.941023
0.949474
0.957927
0.966381
0.974837
0.983293
0.991751
1.00021
1.00867
1.01713
1.02559
1.03405
1.04251
1.05097
1.05943
1.06788
1.07634
1.0848
1.09326
1.10171
1.11017
1.11862
1.12707
1.13552
1.14397
1.15242
1.16086
1.16931
1.17775
1.18618
1.19462
1.20305
1.21148
1.2199
1.22832
1.23674
1.24515
1.25356
1.26197
1.27037
1.27877
1.28716
1.29554
1.30393
1.3123
1.32067
1.32904
1.3374
1.34575
1.3541
1.36244
1.37077
1.3791
1.38742
1.39573
1.40404
1.41234
1.42063
1.42891
1.43718
1.44545
1.4537
1.46195
1.47019
1.47842
1.48664
1.49485
1.50305
1.51124
1.51942
1.52759
1.53575
1.5439
1.55204
1.56016
1.56828
1.57638
1.58447
1.59255
1.60061
1.60867
1.61671
1.62473
1.63275
1.64075
1.64873
1.6567
1.66466
1.6726
1.68053
1.68845
1.69634
1.70423
1.71209
1.71995
1.72778
1.7356
1.7434
1.75119
1.75896
1.76671
1.77444
1.78216
1.78985
1.79753
1.80519
1.81283
1.82046
1.82806
1.83565
1.84321
1.85075
1.85828
1.86578
1.87327
1.88073
1.88817
1.89559
1.90298
1.91036
1.91771
1.92504
1.93235
1.93964
1.9469
1.95414
1.96135
1.96854
1.97571
1.98285
1.98997
1.99706
2.00413
2.01117
2.01818
2.02517
2.03213
2.03907
2.04598
2.05286
2.05972
2.06654
2.07334
2.08011
2.08686
2.09357
2.10026
2.10691
2.11354
2.12014
2.1267
2.13324
2.13974
2.14622
2.15266
2.15908
2.16546
2.17181
2.17813
2.18441
2.19066
2.19688
2.20307
2.20922
2.21534
2.22143
2.22748
2.2335
2.23948
2.24543
2.25134
2.25722
2.26306
2.26886
2.27463
2.28036
2.28606
2.29172
2.29734
2.30292
2.30847
2.31397
2.31944
2.32487
2.33026
2.33562
2.34093
2.3462
2.35144
2.35663
2.36178
2.36689
2.37197
2.377
2.38198
2.38693
2.39184
2.3967
2.40152
2.4063
2.41103
2.41572
2.42037
2.42497
2.42953
2.43405
2.43852
2.44295
2.44733
2.45166
2.45595
2.4602
2.4644
2.46855
2.47266
2.47672
2.48073
2.48469
2.48861
2.49248
2.49631
2.50008
2.50381
2.50748
2.51111
2.51469
2.51822
2.5217
2.52513
2.52851
2.53184
2.53512
2.53835
2.54153
2.54466
2.54773
2.55076
2.55373
2.55665
2.55952
2.56233
2.5651
2.56781
2.57046
2.57307
2.57562
2.57811
2.58055
2.58294
2.58528
2.58755
2.58978
2.59195
2.59406
2.59612
2.59812
2.60007
2.60196
2.60379
2.60557
2.60729
2.60896
2.61056
2.61211
2.61361
2.61504
2.61642
2.61774
2.619
2.6202
2.62135
2.62243
2.62346
2.62443
2.62533
2.62618
2.62697
2.6277
2.62837
2.62898
2.62953
2.63002
2.63045
2.63082
2.63113
2.63137
2.63156
2.63168
2.63174
2.63174
2.63168
2.63156
2.63137
2.63113
2.63082
2.63044
2.63001
2.62951
2.62895
2.62833
2.62764
2.62689
2.62608
2.6252
2.62426
2.62325
2.62219
2.62105
2.61986
2.6186
2.61727
2.61588
2.61443
2.61291
2.61133
2.60968
2.60796
2.60619
2.60434
2.60243
2.60046
2.59842
2.59631
2.59414
2.59191
2.58961
2.58724
2.5848
2.5823
2.57974
2.57711
2.57441
2.57165
2.56881
2.56592
2.56295
2.55993
2.55683
2.55367
2.55044
2.54714
2.54378
2.54035
2.53685
2.53329
2.52966
2.52596
2.5222
2.51837
2.51447
2.5105
2.50647
2.50237
2.49821
2.49398
2.48968
2.48531
2.48087
2.47637
2.4718
2.46717
2.46247
2.4577
2.45286
2.44796
2.44299
2.43795
2.43284
2.42767
2.42243
2.41713
2.41175
2.40631
2.40081
2.39523
2.38959
2.38389
2.37811
2.37227
2.36636
2.36039
2.35435
2.34824
2.34207
2.33583
2.32953
2.32315
2.31672
2.31021
2.30364
2.297
2.2903
2.28353
2.2767
2.2698
2.26284
2.25581
2.24871
2.24155
2.23433
2.22703
2.21968
2.21226
2.20477
2.19722
2.18961
2.18193
2.17418
2.16638
2.1585
2.15057
2.14257
2.13451
2.12638
2.11819
2.10994
2.10162
2.09324
2.0848
2.07629
2.06772
2.05909
2.0504
2.04165
2.03283
2.02395
2.01501
2.00601
1.99695
1.98783
1.97864
1.9694
1.96009
1.95072
1.9413
1.93181
1.92227
1.91266
1.90299
1.89327
1.88349
1.87364
1.86374
1.85378
1.84377
1.83369
1.82356
1.81337
1.80312
1.79281
1.78245
1.77203
1.76155
1.75102
1.74044
1.72979
1.71909
1.70834
1.69753
1.68666
1.67575
1.66477
1.65375
1.64266
1.63153
1.62034
1.6091
1.59781
1.58646
1.57506
1.56361
1.55211
1.54056
1.52895
1.5173
1.50559
1.49384
1.48203
1.47017
1.45827
1.44632
1.43431
1.42226
1.41016
1.39801
1.38582
1.37357
1.36128
1.34895
1.33656
1.32414
1.31166
1.29914
1.28657
1.27396
1.26131
1.24861
1.23587
1.22308
1.21025
1.19738
1.18447
1.17151
1.15851
1.14547
1.13239
1.11927
1.1061
1.0929
1.07966
1.06638
1.05306
1.0397
1.0263
1.01286
0.999389
0.985878
0.97233
0.958746
0.945126
0.93147
0.917779
0.904052
0.890291
0.876496
0.862667
0.848804
0.834909
0.82098
0.807019
0.793027
0.779002
0.764947
0.750861
0.736744
0.722597
0.708421
0.694215
0.679981
0.665718
0.651428
0.637109
0.622764
0.608392
0.593993
0.579569
0.565119
0.550643
0.536143
0.521619
0.507071
0.492499
0.477905
0.463287
0.448648
0.433987
0.419304
0.4046
0.389876
0.375132
0.360368
0.345585
0.330783
0.315963
0.301125
0.286269
0.271397
0.256507
0.241602
0.22668
0.211744
0.196792
0.181827
0.166847
0.151853
0.136847
0.121828
0.106796
0.0917531
0.0766987
0.0616334
0.0465577
0.031472
0.0163768
0.0012725
-0.0138404
-0.0289614
-0.0440902
-0.0592262
-0.0743691
-0.0895182
-0.104673
-0.119834
-0.134999
-0.150169
-0.165343
-0.180521
-0.195702
-0.210885
-0.226071
-0.241259
-0.256447
-0.271637
-0.286827
-0.302017
-0.317207
-0.332395
-0.347582
-0.362767
-0.37795
-0.39313
-0.408306
-0.423479
-0.438647
-0.453811
-0.46897
-0.484123
-0.499269
-0.51441
-0.529543
-0.544669
-0.559787
-0.574896
-0.589997
-0.605088
-0.620169
-0.63524
-0.6503
-0.665349
-0.680387
-0.695412
-0.710425
-0.725425
-0.740411
-0.755383
-0.77034
-0.785283
-0.80021
-0.815122
-0.830017
-0.844895
-0.859757
-0.8746
-0.889425
-0.904232
-0.91902
-0.933788
-0.948536
-0.963263
-0.97797
-0.992656
-1.00732
-1.02196
-1.03658
-1.05117
-1.06575
-1.08029
-1.09482
-1.10931
-1.12379
-1.13823
-1.15265
-1.16705
-1.18141
-1.19575
-1.21006
-1.22434
-1.2386
-1.25282
-1.26701
-1.28118
-1.29531
-1.30941
-1.32348
-1.33752
-1.35152
-1.36549
-1.37943
-1.39333
-1.4072
-1.42104
-1.43484
-1.4486
-1.46233
-1.47602
-1.48968
-1.50329
-1.51687
-1.53041
-1.54392
-1.55738
-1.5708
-1.58419
-1.59753
-1.61084
-1.6241
-1.63732
-1.6505
-1.66363
-1.67673
-1.68978
-1.70279
-1.71575
-1.72867
-1.74154
-1.75437
-1.76715
-1.77989
-1.79258
-1.80522
-1.81782
-1.83037
-1.84287
-1.85532
-1.86773
-1.88008
-1.89239
-1.90464
-1.91685
-1.929
-1.94111
-1.95316
-1.96516
-1.97711
-1.989
-2.00085
-2.01264
-2.02437
-2.03605
-2.04768
-2.05925
-2.07077
-2.08224
-2.09364
-2.10499
-2.11629
-2.12753
-2.13871
-2.14983
-2.16089
-2.1719
-2.18285
-2.19374
-2.20457
-2.21534
-2.22605
-2.2367
-2.24729
-2.25782
-2.26829
-2.2787
-2.28905
-2.29933
-2.30955
-2.31971
-2.32981
-2.33984
-2.34981
-2.35971
-2.36955
-2.37933
-2.38904
-2.39869
-2.40827
-2.41778
-2.42723
-2.43662
-2.44593
-2.45518
-2.46437
-2.47348
-2.48253
-2.49151
-2.50043
-2.50927
-2.51805
-2.52675
-2.53539
-2.54396
-2.55246
-2.56089
-2.56924
-2.57753
-2.58575
-2.5939
-2.60197
-2.60998
-2.61791
-2.62577
-2.63356
-2.64128
-2.64893
-2.6565
-2.664
-2.67142
-2.67878
-2.68606
-2.69326
-2.7004
-2.70746
-2.71444
-2.72135
-2.72818
-2.73494
-2.74163
-2.74824
-2.75478
-2.76123
-2.76762
-2.77393
-2.78016
-2.78631
-2.79239
-2.7984
-2.80432
-2.81017
-2.81594
-2.82164
-2.82726
-2.8328
-2.83826
-2.84365
-2.84895
-2.85418
-2.85933
-2.86441
-2.8694
-2.87432
-2.87916
-2.88392
-2.8886
-2.8932
-2.89772
-2.90217
-2.90653
-2.91082
-2.91502
-2.91915
-2.9232
-2.92716
-2.93105
-2.93486
-2.93859
-2.94223
-2.9458
-2.94929
-2.9527
-2.95602
-2.95927
-2.96244
-2.96553
-2.96853
-2.97146
-2.9743
-2.97707
-2.97975
-2.98235
-2.98488
-2.98732
-2.98968
-2.99196
-2.99416
-2.99628
-2.99832
-3.00027
-3.00215
-3.00394
-3.00566
-3.00729
-3.00885
-3.01032
-3.01171
-3.01302
-3.01425
-3.0154
-3.01647
-3.01745
-3.01836
-3.01919
-3.01993
-3.0206
-3.02118
-3.02168
-3.02211
-3.02245
-3.02271
-3.02289
-3.02299
-3.02301
-3.02295
-3.02281
-3.02259
-3.02229
-3.02191
-3.02145
-3.02092
-3.0203
-3.0196
-3.01882
-3.01796
-3.01702
-3.01601
-3.01491
-3.01374
-3.01248
-3.01115
-3.00974
-3.00825
-3.00668
-3.00503
-3.00331
-3.0015
-2.99962
-2.99766
-2.99562
-2.9935
-2.99131
-2.98904
-2.98669
-2.98427
-2.98176
-2.97918
-2.97653
-2.97379
-2.97098
-2.9681
-2.96514
-2.9621
-2.95899
-2.9558
-2.95253
-2.94919
-2.94577
-2.94228
-2.93872
-2.93508
-2.93136
-2.92758
-2.92371
-2.91978
-2.91577
-2.91168
-2.90752
-2.90329
-2.89899
-2.89462
-2.89017
-2.88565
-2.88105
-2.87639
-2.87165
-2.86684
-2.86197
-2.85702
-2.85199
-2.8469
-2.84174
-2.83651
-2.83121
-2.82584
-2.8204
-2.81489
-2.80931
-2.80366
-2.79795
-2.79216
-2.78631
-2.78039
-2.7744
-2.76835
-2.76223
-2.75604
-2.74979
-2.74347
-2.73708
-2.73063
-2.72412
-2.71753
-2.71089
-2.70418
-2.6974
-2.69056
-2.68366
-2.6767
-2.66967
-2.66257
-2.65542
-2.6482
-2.64093
-2.63359
-2.62619
-2.61872
-2.6112
-2.60362
-2.59597
-2.58827
-2.58051
-2.57269
-2.56481
-2.55687
-2.54887
-2.54082
-2.5327
-2.52453
-2.51631
-2.50802
-2.49968
-2.49129
-2.48283
-2.47433
-2.46577
-2.45715
-2.44848
-2.43975
-2.43097
-2.42214
-2.41326
-2.40432
-2.39533
-2.38629
-2.37719
-2.36805
-2.35885
-2.34961
-2.34031
-2.33096
-2.32156
-2.31212
-2.30262
-2.29308
-2.28349
-2.27385
-2.26417
-2.25443
-2.24465
-2.23483
-2.22495
-2.21503
-2.20507
-2.19506
-2.18501
-2.17491
-2.16477
-2.15459
-2.14436
-2.13409
-2.12378
-2.11342
-2.10303
-2.09259
-2.08211
-2.07159
-2.06103
-2.05043
-2.0398
-2.02912
-2.0184
-2.00765
-1.99686
-1.98603
-1.97516
-1.96426
-1.95332
-1.94235
-1.93134
-1.92029
-1.90921
-1.89809
-1.88695
-1.87576
-1.86455
-1.8533
-1.84202
-1.8307
-1.81936
-1.80798
-1.79658
-1.78514
-1.77367
-1.76217
-1.75064
-1.73909
-1.7275
-1.71589
-1.70425
-1.69258
-1.68089
-1.66916
-1.65742
-1.64564
-1.63384
-1.62202
-1.61017
-1.5983
-1.5864
-1.57448
-1.56253
-1.55057
-1.53858
-1.52657
-1.51453
-1.50248
-1.4904
-1.47831
-1.46619
-1.45406
-1.44191
-1.42973
-1.41754
-1.40533
-1.3931
-1.38086
-1.3686
-1.35632
-1.34403
-1.33172
-1.31939
-1.30705
-1.2947
-1.28233
-1.26995
-1.25755
-1.24514
-1.23272
-1.22028
-1.20784
-1.19538
-1.18291
-1.17043
-1.15794
-1.14544
-1.13293
-1.12042
-1.10789
-1.09535
-1.08281
-1.07026
-1.0577
-1.04513
-1.03256
-1.01998
-1.00739
-0.994804
-0.982209
-0.969609
-0.957004
-0.944395
-0.931783
-0.919168
-0.90655
-0.893929
-0.881306
-0.868681
-0.856055
-0.843427
-0.830799
-0.818171
-0.805542
-0.792914
-0.780286
-0.76766
-0.755035
-0.742412
-0.729791
-0.717172
-0.704557
-0.691944
-0.679335
-0.66673
-0.654129
-0.641532
-0.628941
-0.616355
-0.603774
-0.591199
-0.578631
-0.566069
-0.553514
-0.540966
-0.528426
-0.515894
-0.503371
-0.490855
-0.478349
-0.465852
-0.453365
-0.440887
-0.42842
-0.415964
-0.403518
-0.391083
-0.37866
-0.366249
-0.35385
-0.341463
-0.32909
-0.316729
-0.304382
-0.292048
-0.279728
-0.267423
-0.255132
-0.242857
-0.230596
-0.218351
-0.206122
-0.193909
-0.181713
-0.169533
-0.15737
-0.145224
-0.133096
-0.120986
-0.108894
-0.0968209
-0.0847661
-0.0727303
-0.0607138
-0.0487168
-0.0367397
-0.0247826
-0.012846
-0.00092998
0.0109651
0.022839
0.0346915
0.0465222
0.058331
0.0701175
0.0818815
0.0936228
0.105341
0.117036
0.128708
0.140355
0.151979
0.163579
0.175153
0.186704
0.198229
0.209729
0.221204
0.232652
0.244075
0.255472
0.266842
0.278186
0.289503
0.300793
0.312055
0.32329
0.334498
0.345677
0.356828
0.367951
0.379045
0.39011
0.401146
0.412153
0.423131
0.434079
0.444997
0.455885
0.466743
0.477571
0.488368
0.499134
0.509869
0.520573
0.531245
0.541886
0.552495
0.563073
0.573618
0.584131
0.594611
0.605059
0.615474
0.625856
0.636205
0.646521
0.656803
0.667052
0.677267
0.687448
0.697595
0.707707
0.717785
0.727829
0.737838
0.747812
0.757751
0.767656
0.777524
0.787358
0.797156
0.806918
0.816644
0.826335
0.835989
0.845607
0.855189
0.864735
0.874244
0.883716
0.893151
0.90255
0.911911
0.921236
0.930523
0.939773
0.948985
0.95816
0.967297
0.976396
0.985458
0.994482
1.00347
1.01241
1.02132
1.03019
1.03903
1.04782
1.05658
1.06529
1.07397
1.08261
1.09121
1.09977
1.10829
1.11678
1.12522
1.13363
1.14199
1.15032
1.1586
1.16685
1.17506
1.18323
1.19135
1.19944
1.20749
1.2155
1.22347
1.2314
1.23929
1.24714
1.25495
1.26272
1.27045
1.27813
1.28578
1.29339
1.30096
1.30849
1.31598
1.32342
1.33083
1.3382
1.34552
1.35281
1.36005
1.36726
1.37442
1.38155
1.38863
1.39567
1.40268
1.40964
1.41656
1.42344
1.43028
1.43708
1.44384
1.45056
1.45724
1.46388
1.47048
1.47703
1.48355
1.49003
1.49646
1.50286
1.50921
1.51553
1.5218
1.52804
1.53423
1.54038
1.5465
1.55257
1.5586
1.56459
1.57055
1.57646
1.58233
1.58816
1.59395
1.59971
1.60542
1.61109
1.61672
1.62232
1.62787
1.63338
1.63886
1.64429
1.64968
1.65504
1.66035
1.66563
1.67087
1.67606
1.68122
1.68634
1.69142
1.69646
1.70146
1.70642
1.71135
1.71623
1.72108
1.72589
1.73065
1.73538
1.74008
1.74473
1.74934
1.75392
1.75846
1.76296
1.76742
1.77184
1.77623
1.78058
1.78489
1.78916
1.7934
1.7976
1.80176
1.80588
1.80997
1.81401
1.81803
1.822
1.82594
1.82984
1.8337
1.83753
1.84132
1.84508
1.84879
1.85248
1.85612
1.85973
1.8633
1.86684
1.87034
1.87381
1.87724
1.88063
1.88399
1.88732
1.89061
1.89386
1.89708
1.90026
1.90341
1.90653
1.90961
1.91265
1.91566
1.91864
1.92158
1.92449
1.92736
1.9302
1.93301
1.93578
1.93852
1.94123
1.9439
1.94654
1.94915
1.95172
1.95426
1.95677
1.95924
1.96169
1.9641
1.96647
1.96882
1.97113
1.97341
1.97566
1.97788
1.98006
1.98222
1.98434
1.98643
1.98849
1.99052
1.99252
1.99449
1.99642
1.99833
2.0002
2.00205
2.00386
2.00565
2.0074
2.00912
2.01082
2.01248
2.01412
2.01572
2.0173
2.01884
2.02036
2.02185
2.02331
2.02474
2.02614
2.02751
2.02886
2.03017
2.03146
2.03272
2.03395
2.03515
2.03633
2.03748
2.0386
2.03969
2.04076
2.04179
2.0428
2.04379
2.04474
2.04567
2.04658
2.04745
2.0483
2.04913
2.04992
2.0507
2.05144
2.05216
2.05285
2.05352
2.05416
2.05478
2.05537
2.05593
2.05647
2.05699
2.05748
2.05794
2.05838
2.0588
2.05919
2.05956
2.0599
2.06022
2.06051
2.06078
2.06102
2.06124
2.06144
2.06161
2.06176
2.06189
2.06199
2.06207
2.06213
2.06216
2.06217
2.06216
2.06212
2.06206
2.06198
2.06188
2.06175
2.0616
2.06143
2.06124
2.06102
2.06078
2.06052
2.06024
2.05994
2.05961
2.05926
2.05889
2.0585
2.05809
2.05766
2.0572
2.05673
2.05623
2.05571
2.05517
2.05461
2.05403
2.05343
2.05281
2.05216
2.0515
2.05082
2.05011
2.04939
2.04864
2.04788
2.04709
2.04628
2.04546
2.04461
2.04375
2.04286
2.04196
2.04103
2.04009
2.03912
2.03814
2.03714
2.03611
2.03507
2.03401
2.03293
2.03183
2.03071
2.02957
2.02841
2.02724
2.02604
2.02483
2.02359
2.02234
2.02107
2.01978
2.01847
2.01715
2.0158
2.01443
2.01305
2.01165
2.01023
2.00879
2.00733
2.00586
2.00437
2.00285
2.00132
1.99977
1.99821
1.99662
1.99502
1.9934
1.99176
1.9901
1.98842
1.98673
1.98502
1.98329
1.98154
1.97977
1.97799
1.97619
1.97437
1.97253
1.97067
1.9688
1.96691
1.965
1.96307
1.96113
1.95916
1.95718
1.95518
1.95317
1.95113
1.94908
1.94701
1.94492
1.94281
1.94069
1.93855
1.93639
1.93421
1.93202
1.9298
1.92757
1.92532
1.92306
1.92077
1.91847
1.91615
1.91381
1.91145
1.90908
1.90669
1.90428
1.90185
1.8994
1.89694
1.89446
1.89196
1.88944
1.8869
1.88435
1.88177
1.87918
1.87657
1.87395
1.8713
1.86864
1.86595
1.86325
1.86053
1.8578
1.85504
1.85227
1.84947
1.84666
1.84383
1.84098
1.83812
1.83523
1.83233
1.8294
1.82646
1.8235
1.82052
1.81752
1.81451
1.81147
1.80841
1.80534
1.80225
1.79913
1.796
1.79285
1.78968
1.78649
1.78328
1.78005
1.77681
1.77354
1.77025
1.76694
1.76362
1.76027
1.75691
1.75352
1.75012
1.74669
1.74324
1.73978
1.73629
1.73279
1.72926
1.72572
1.72215
1.71856
1.71496
1.71133
1.70768
1.70401
1.70032
1.69661
1.69288
1.68913
1.68536
1.68156
1.67775
1.67391
1.67006
1.66618
1.66228
1.65836
1.65442
1.65045
1.64647
1.64246
1.63843
1.63438
1.63031
1.62622
1.6221
1.61796
1.6138
1.60962
1.60542
1.60119
1.59694
1.59267
1.58838
1.58406
1.57972
1.57536
1.57098
1.56657
1.56214
1.55769
1.55321
1.54871
1.54419
1.53965
1.53508
1.53049
1.52587
1.52123
1.51657
1.51189
1.50718
1.50244
1.49769
1.49291
1.4881
1.48327
1.47842
1.47354
1.46864
1.46372
1.45877
1.45379
1.44879
1.44377
1.43872
1.43365
1.42855
1.42343
1.41828
1.41311
1.40792
1.40269
1.39745
1.39217
1.38688
1.38155
1.37621
1.37083
1.36543
1.36001
1.35456
1.34908
1.34358
1.33805
1.3325
1.32692
1.32131
1.31568
1.31003
1.30434
1.29863
1.2929
1.28713
1.28134
1.27553
1.26969
1.26382
1.25792
1.252
1.24605
1.24008
1.23408
1.22805
1.22199
1.21591
1.2098
1.20366
1.1975
1.19131
1.18509
1.17884
1.17257
1.16627
1.15994
1.15359
1.14721
1.1408
1.13436
1.1279
1.1214
1.11488
1.10834
1.10176
1.09516
1.08853
1.08187
1.07518
1.06847
1.06173
1.05496
1.04816
1.04133
1.03448
1.0276
1.02069
1.01375
1.00678
0.999789
0.992767
0.985717
0.978638
0.971531
0.964396
0.957233
0.950042
0.942822
0.935574
0.928298
0.920994
0.913661
0.9063
0.898911
0.891493
0.884048
0.876574
0.869071
0.861541
0.853982
0.846395
0.838779
0.831135
0.823463
0.815763
0.808034
0.800278
0.792493
0.784679
0.776838
0.768968
0.761071
0.753145
0.745191
0.737209
0.729198
0.72116
0.713094
0.704999
0.696877
0.688727
0.680548
0.672342
0.664108
0.655846
0.647557
0.63924
0.630894
0.622522
0.614121
0.605693
0.597238
0.588755
0.580244
0.571707
0.563141
0.554549
0.545929
0.537282
0.528608
0.519907
0.511179
0.502424
0.493642
0.484833
0.475997
0.467135
0.458246
0.449331
0.440389
0.43142
0.422426
0.413405
0.404358
0.395284
0.386185
0.37706
0.367909
0.358732
0.349529
0.340301
0.331048
0.321769
0.312464
0.303135
0.29378
0.2844
0.274996
0.265566
0.256112
0.246634
0.23713
0.227603
0.218051
0.208475
0.198874
0.18925
0.179602
0.169931
0.160236
0.150517
0.140775
0.13101
0.121222
0.11141
0.101576
0.0917194
0.0818401
0.0719383
0.0620143
0.0520681
0.0420999
0.0321098
0.022098
0.0120647
0.00200987
-0.0080662
-0.0181634
-0.0282816
-0.0384206
-0.0485802
-0.0587604
-0.0689609
-0.0791816
-0.0894224
-0.099683
-0.109963
-0.120263
-0.130582
-0.140921
-0.151278
-0.161654
-0.172049
-0.182462
-0.192894
-0.203344
-0.213812
-0.224297
-0.2348
-0.245321
-0.255858
-0.266413
-0.276985
-0.287573
-0.298177
-0.308798
-0.319435
-0.330087
-0.340756
-0.351439
-0.362138
-0.372852
-0.383581
-0.394324
-0.405081
-0.415853
-0.426639
-0.437438
-0.448251
-0.459078
-0.469917
-0.480769
-0.491634
-0.502511
-0.5134
-0.524301
-0.535214
-0.546139
-0.557074
-0.568021
-0.578978
-0.589946
-0.600924
-0.611913
-0.622911
-0.633918
-0.644935
-0.655961
-0.666996
-0.678039
-0.689091
-0.70015
-0.711218
-0.722292
-0.733375
-0.744464
-0.75556
-0.766662
-0.777771
-0.788886
-0.800006
-0.811132
-0.822263
-0.833398
-0.844539
-0.855684
-0.866832
-0.877985
-0.889141
-0.9003
-0.911463
-0.922628
-0.933795
-0.944964
-0.956135
-0.967308
-0.978482
-0.989657
-1.00083
-1.01201
-1.02318
-1.03436
-1.04554
-1.05671
-1.06788
-1.07906
-1.09023
-1.10139
-1.11256
-1.12372
-1.13488
-1.14604
-1.15719
-1.16834
-1.17949
-1.19063
-1.20177
-1.2129
-1.22402
-1.23514
-1.24626
-1.25736
-1.26847
-1.27956
-1.29065
-1.30173
-1.3128
-1.32386
-1.33491
-1.34596
-1.35699
-1.36802
-1.37904
-1.39004
-1.40104
-1.41202
-1.423
-1.43396
-1.44491
-1.45585
-1.46677
-1.47769
-1.48859
-1.49947
-1.51034
-1.5212
-1.53204
-1.54287
-1.55369
-1.56448
-1.57526
-1.58603
-1.59678
-1.60751
-1.61822
-1.62892
-1.6396
-1.65026
-1.6609
-1.67152
-1.68213
-1.69271
-1.70328
-1.71382
-1.72434
-1.73484
-1.74532
-1.75578
-1.76622
-1.77663
-1.78702
-1.79739
-1.80773
-1.81805
-1.82835
-1.83862
-1.84887
-1.85909
-1.86929
-1.87946
-1.8896
-1.89972
-1.90981
-1.91987
-1.9299
-1.93991
-1.94989
-1.95984
-1.96976
-1.97965
-1.98951
-1.99934
-2.00914
-2.01891
-2.02864
-2.03835
-2.04802
-2.05766
-2.06727
-2.07685
-2.08639
-2.0959
-2.10538
-2.11482
-2.12422
-2.13359
-2.14293
-2.15223
-2.16149
-2.17072
-2.17991
-2.18906
-2.19817
-2.20725
-2.21629
-2.22529
-2.23425
-2.24317
-2.25205
-2.26089
-2.26969
-2.27846
-2.28718
-2.29585
-2.30449
-2.31308
-2.32164
-2.33015
-2.33861
-2.34704
-2.35541
-2.36375
-2.37204
-2.38029
-2.38849
-2.39664
-2.40475
-2.41281
-2.42083
-2.4288
-2.43672
-2.4446
-2.45243
-2.4602
-2.46794
-2.47562
-2.48325
-2.49083
-2.49837
-2.50585
-2.51329
-2.52067
-2.528
-2.53528
-2.54251
-2.54969
-2.55681
-2.56388
-2.5709
-2.57787
-2.58478
-2.59163
-2.59844
-2.60519
-2.61188
-2.61852
-2.62511
-2.63163
-2.63811
-2.64452
-2.65088
-2.65718
-2.66343
-2.66962
-2.67575
-2.68182
-2.68783
-2.69379
-2.69968
-2.70552
-2.7113
-2.71701
-2.72267
-2.72827
-2.7338
-2.73928
-2.74469
-2.75005
-2.75534
-2.76056
-2.76573
-2.77084
-2.77588
-2.78085
-2.78577
-2.79062
-2.79541
-2.80013
-2.80479
-2.80938
-2.81391
-2.81838
-2.82277
-2.82711
-2.83137
-2.83558
-2.83971
-2.84378
-2.84778
-2.85171
-2.85558
-2.85938
-2.86311
-2.86678
-2.87037
-2.8739
-2.87736
-2.88074
-2.88407
-2.88732
-2.8905
-2.89361
-2.89665
-2.89962
-2.90252
-2.90535
-2.90811
-2.9108
-2.91342
-2.91597
-2.91844
-2.92085
-2.92318
-2.92544
-2.92762
-2.92974
-2.93178
-2.93375
-2.93565
-2.93747
-2.93922
-2.9409
-2.9425
-2.94403
-2.94548
-2.94686
-2.94817
-2.9494
-2.95056
-2.95164
-2.95265
-2.95358
-2.95444
-2.95522
-2.95593
-2.95656
-2.95711
-2.95759
-2.958
-2.95832
-2.95858
-2.95875
-2.95885
-2.95887
-2.95882
-2.95869
-2.95848
-2.95819
-2.95783
-2.95739
-2.95688
-2.95628
-2.95561
-2.95486
-2.95404
-2.95313
-2.95215
-2.95109
-2.94995
-2.94874
-2.94744
-2.94607
-2.94462
-2.94309
-2.94149
-2.9398
-2.93804
-2.9362
-2.93428
-2.93228
-2.9302
-2.92805
-2.92581
-2.9235
-2.92111
-2.91864
-2.91609
-2.91346
-2.91075
-2.90797
-2.9051
-2.90216
-2.89914
-2.89603
-2.89285
-2.8896
-2.88626
-2.88284
-2.87935
-2.87577
-2.87212
-2.86839
-2.86458
-2.86069
-2.85672
-2.85267
-2.84855
-2.84434
-2.84006
-2.8357
-2.83126
-2.82674
-2.82215
-2.81747
-2.81272
-2.80789
-2.80298
-2.79799
-2.79293
-2.78778
-2.78256
-2.77726
-2.77189
-2.76643
-2.7609
-2.75529
-2.7496
-2.74384
-2.738
-2.73208
-2.72608
-2.72001
-2.71386
-2.70764
-2.70133
-2.69496
-2.6885
-2.68197
-2.67536
-2.66868
-2.66192
-2.65508
-2.64817
-2.64119
-2.63413
-2.62699
-2.61978
-2.61249
-2.60513
-2.5977
-2.59019
-2.5826
-2.57495
-2.56721
-2.55941
-2.55153
-2.54358
-2.53555
-2.52745
-2.51928
-2.51104
-2.50272
-2.49433
-2.48587
-2.47734
-2.46874
-2.46006
-2.45132
-2.4425
-2.43361
-2.42465
-2.41562
-2.40652
-2.39735
-2.38811
-2.3788
-2.36943
-2.35998
-2.35046
-2.34088
-2.33123
-2.32151
-2.31172
-2.30186
-2.29194
-2.28195
-2.27189
-2.26177
-2.25158
-2.24132
-2.231
-2.22061
-2.21016
-2.19964
-2.18906
-2.17841
-2.1677
-2.15693
-2.14609
-2.13519
-2.12422
-2.1132
-2.10211
-2.09096
-2.07975
-2.06847
-2.05714
-2.04574
-2.03428
-2.02277
-2.01119
-1.99955
-1.98786
-1.9761
-1.96429
-1.95242
-1.94049
-1.92851
-1.91646
-1.90436
-1.8922
-1.87999
-1.86772
-1.8554
-1.84302
-1.83058
-1.81809
-1.80555
-1.79295
-1.7803
-1.7676
-1.75484
-1.74203
-1.72917
-1.71626
-1.70329
-1.69028
-1.67722
-1.6641
-1.65094
-1.63772
-1.62446
-1.61115
-1.59779
-1.58438
-1.57093
-1.55743
-1.54388
-1.53028
-1.51664
-1.50296
-1.48923
-1.47545
-1.46163
-1.44777
-1.43386
-1.41992
-1.40592
-1.39189
-1.37781
-1.3637
-1.34954
-1.33534
-1.3211
-1.30683
-1.29251
-1.27815
-1.26376
-1.24933
-1.23486
-1.22035
-1.20581
-1.19123
-1.17662
-1.16197
-1.14728
-1.13256
-1.11781
-1.10302
-1.0882
-1.07335
-1.05847
-1.04355
-1.0286
-1.01363
-0.998619
-0.983581
-0.968514
-0.953417
-0.938293
-0.92314
-0.907959
-0.892752
-0.877518
-0.862258
-0.846972
-0.83166
-0.816324
-0.800964
-0.78558
-0.770173
-0.754742
-0.739289
-0.723815
-0.708318
-0.692801
-0.677264
-0.661706
-0.646129
-0.630532
-0.614917
-0.599284
-0.583633
-0.567965
-0.552281
-0.53658
-0.520863
-0.505132
-0.489385
-0.473624
-0.45785
-0.442062
-0.426261
-0.410448
-0.394624
-0.378788
-0.362941
-0.347083
-0.331216
-0.31534
-0.299454
-0.28356
-0.267658
-0.251749
-0.235833
-0.219911
-0.203982
-0.188048
-0.172109
-0.156166
-0.140218
-0.124268
-0.108314
-0.0923575
-0.0763991
-0.0604393
-0.0444784
-0.028517
-0.0125556
0.00340533
0.0193653
0.0353239
0.0512805
0.0672347
0.0831859
0.0991338
0.115078
0.131017
0.146952
0.162881
0.178804
0.194721
0.210632
0.226534
0.242429
0.258316
0.274194
0.290062
0.305921
0.321769
0.337607
0.353433
0.369248
0.385051
0.40084
0.416617
0.43238
0.448128
0.463862
0.479581
0.495284
0.510971
0.526642
0.542295
0.557931
0.573549
0.589149
0.604729
0.62029
0.635831
0.651352
0.666852
0.68233
0.697787
0.713221
0.728633
0.744021
0.759386
0.774726
0.790042
0.805333
0.820598
0.835837
0.85105
0.866236
0.881394
0.896524
0.911627
0.9267
0.941744
0.956759
0.971743
0.986697
1.00162
1.01651
1.03137
1.0462
1.06099
1.07575
1.09048
1.10517
1.11983
1.13445
1.14904
1.16359
1.17811
1.19259
1.20703
1.22144
1.2358
1.25013
1.26442
1.27867
1.29288
1.30705
1.32118
1.33526
1.34931
1.36332
1.37728
1.3912
1.40507
1.41891
1.4327
1.44644
1.46014
1.4738
1.48741
1.50098
1.51449
1.52796
1.54139
1.55477
1.5681
1.58138
1.59461
1.60779
1.62093
1.63401
1.64705
1.66003
1.67297
1.68585
1.69868
1.71146
1.72419
1.73686
1.74948
1.76205
1.77457
1.78703
1.79943
1.81178
1.82408
1.83632
1.84851
1.86064
1.87271
1.88472
1.89668
1.90859
1.92043
1.93222
1.94394
1.95561
1.96722
1.97877
1.99026
2.0017
2.01307
2.02438
2.03563
2.04682
2.05794
2.06901
2.08001
2.09095
2.10183
2.11265
2.1234
2.13409
2.14472
2.15528
2.16578
2.17621
2.18658
2.19688
2.20712
2.21729
2.2274
2.23744
2.24741
2.25732
2.26716
2.27694
2.28664
2.29628
2.30585
2.31536
2.32479
2.33416
2.34346
2.35269
2.36185
2.37094
2.37996
2.38891
2.3978
2.40661
2.41535
2.42402
2.43262
2.44115
2.44961
2.45799
2.46631
2.47455
2.48272
2.49082
2.49885
2.50681
2.51469
2.5225
2.53024
2.5379
2.54549
2.55301
2.56045
2.56782
2.57512
2.58234
2.58949
2.59656
2.60356
2.61049
2.61734
2.62412
2.63082
2.63744
2.64399
2.65047
2.65687
2.6632
2.66945
2.67562
2.68172
2.68774
2.69369
2.69956
2.70535
2.71107
2.71671
2.72228
2.72777
2.73318
2.73851
2.74377
2.74896
2.75406
2.75909
2.76404
2.76892
2.77372
2.77844
2.78308
2.78765
2.79214
2.79655
2.80088
2.80514
2.80932
2.81343
2.81745
2.8214
2.82527
2.82906
2.83278
2.83642
2.83998
2.84346
2.84687
2.8502
2.85345
2.85662
2.85972
2.86274
2.86568
2.86854
2.87133
2.87404
2.87667
2.87923
2.88171
2.88411
2.88643
2.88867
2.89084
2.89294
2.89495
2.89689
2.89875
2.90053
2.90224
2.90387
2.90542
2.9069
2.9083
2.90963
2.91087
2.91205
2.91314
2.91416
2.9151
2.91597
2.91676
2.91748
2.91812
2.91868
2.91917
2.91959
2.91992
2.92019
2.92037
2.92049
2.92053
2.92049
2.92038
2.92019
2.91993
2.9196
2.91919
2.91871
2.91815
2.91752
2.91682
2.91604
2.91519
2.91427
2.91328
2.91221
2.91107
2.90985
2.90857
2.90721
2.90578
2.90428
2.9027
2.90106
2.89934
2.89755
2.89569
2.89377
2.89177
2.88969
2.88755
2.88534
2.88306
2.88071
2.87829
2.8758
2.87325
2.87062
2.86792
2.86516
2.86233
2.85943
2.85646
2.85343
2.85032
2.84715
2.84391
2.84061
2.83724
2.8338
2.8303
2.82673
2.8231
2.8194
2.81563
2.8118
2.80791
2.80395
2.79993
2.79584
2.79169
2.78748
2.7832
2.77886
2.77446
2.76999
2.76546
2.76088
2.75622
2.75151
2.74674
2.7419
2.73701
2.73205
2.72704
2.72196
2.71683
2.71163
2.70638
2.70107
2.6957
2.69027
2.68478
2.67924
2.67364
2.66798
2.66227
2.65649
2.65067
2.64478
2.63884
2.63285
2.6268
2.6207
2.61454
2.60833
2.60206
2.59574
2.58937
2.58294
2.57646
2.56993
2.56335
2.55671
2.55003
2.54329
2.5365
2.52966
2.52278
2.51584
2.50885
2.50181
2.49473
2.48759
2.48041
2.47318
2.4659
2.45858
2.4512
2.44378
2.43632
2.42881
2.42125
2.41365
2.406
2.39831
2.39057
2.38279
2.37497
2.3671
2.35919
2.35123
2.34324
2.3352
2.32712
2.319
2.31084
2.30263
2.29439
2.28611
2.27778
2.26942
2.26102
2.25258
2.2441
2.23558
2.22703
2.21844
2.20981
2.20114
2.19244
2.1837
2.17493
2.16612
2.15728
2.1484
2.13948
2.13054
2.12156
2.11254
2.1035
2.09442
2.0853
2.07616
2.06698
2.05778
2.04854
2.03927
2.02997
2.02064
2.01129
2.0019
1.99248
1.98304
1.97357
1.96407
1.95454
1.94498
1.9354
1.92579
1.91616
1.9065
1.89681
1.8871
1.87736
1.8676
1.85782
1.84801
1.83818
1.82832
1.81844
1.80854
1.79862
1.78868
1.77871
1.76872
1.75872
1.74869
1.73864
1.72857
1.71849
1.70838
1.69826
1.68811
1.67795
1.66777
1.65757
1.64736
1.63713
1.62688
1.61662
1.60634
1.59605
1.58574
1.57541
1.56507
1.55472
1.54435
1.53397
1.52358
1.51317
1.50275
1.49232
1.48188
1.47142
1.46095
1.45048
1.43999
1.42949
1.41898
1.40846
1.39793
1.3874
1.37685
1.3663
1.35573
1.34516
1.33459
1.324
1.31341
1.30281
1.2922
1.28159
1.27097
1.26035
1.24972
1.23909
1.22845
1.21781
1.20716
1.19651
1.18586
1.1752
1.16454
1.15388
1.14322
1.13255
1.12188
1.11121
1.10054
1.08987
1.0792
1.06852
1.05785
1.04718
1.03651
1.02583
1.01516
1.00449
0.993827
0.983161
0.972497
0.961836
0.951177
0.94052
0.929867
0.919218
0.908572
0.897929
0.887291
0.876658
0.866028
0.855404
0.844785
0.834171
0.823563
0.812961
0.802365
0.791775
0.781192
0.770615
0.760046
0.749484
0.738929
0.728382
0.717843
0.707312
0.69679
0.686276
0.675772
0.665276
0.65479
0.644313
0.633846
0.623389
0.612942
0.602505
0.592079
0.581664
0.57126
0.560867
0.550486
0.540116
0.529758
0.519412
0.509078
0.498757
0.488448
0.478152
0.46787
0.4576
0.447344
0.437101
0.426872
0.416657
0.406457
0.39627
0.386098
0.375941
0.365798
0.355671
0.345558
0.335461
0.32538
0.315314
0.305264
0.295231
0.285213
0.275212
0.265227
0.255259
0.245307
0.235373
0.225456
0.215556
0.205673
0.195808
0.185961
0.176131
0.16632
0.156526
0.146751
0.136995
0.127257
0.117537
0.107837
0.098155
0.0884925
0.0788491
0.0692251
0.0596205
0.0500355
0.0404702
0.0309248
0.0213992
0.0118937
0.00240834
-0.00705674
-0.0165014
-0.0259256
-0.0353292
-0.0447121
-0.0540742
-0.0634154
-0.0727355
-0.0820346
-0.0913124
-0.100569
-0.109804
-0.119018
-0.12821
-0.13738
-0.146529
-0.155655
-0.16476
-0.173843
-0.182904
-0.191942
-0.200959
-0.209952
-0.218924
-0.227873
-0.236799
-0.245703
-0.254584
-0.263443
-0.272278
-0.281091
-0.289881
-0.298647
-0.307391
-0.316111
-0.324809
-0.333483
-0.342133
-0.350761
-0.359365
-0.367945
-0.376502
-0.385035
-0.393545
-0.402031
-0.410494
-0.418933
-0.427347
-0.435739
-0.444106
-0.452449
-0.460769
-0.469064
-0.477336
-0.485584
-0.493807
-0.502007
-0.510182
-0.518333
-0.526461
-0.534564
-0.542642
-0.550697
-0.558727
-0.566734
-0.574716
-0.582673
-0.590607
-0.598516
-0.606401
-0.614261
-0.622097
-0.629909
-0.637697
-0.64546
-0.653199
-0.660913
-0.668604
-0.67627
-0.683911
-0.691528
-0.699121
-0.70669
-0.714234
-0.721754
-0.72925
-0.736721
-0.744168
-0.751591
-0.75899
-0.766364
-0.773714
-0.78104
-0.788342
-0.79562
-0.802873
-0.810102
-0.817308
-0.824489
-0.831646
-0.838779
-0.845888
-0.852973
-0.860034
-0.867071
-0.874084
-0.881073
-0.888039
-0.894981
-0.901898
-0.908793
-0.915663
-0.92251
-0.929333
-0.936132
-0.942908
-0.94966
-0.956389
-0.963095
-0.969777
-0.976435
-0.98307
-0.989682
-0.996271
-1.00284
-1.00938
-1.0159
-1.02239
-1.02887
-1.03532
-1.04174
-1.04815
-1.05453
-1.06089
-1.06723
-1.07354
-1.07983
-1.0861
-1.09234
-1.09857
-1.10477
-1.11094
-1.1171
-1.12323
-1.12935
-1.13544
-1.1415
-1.14755
-1.15357
-1.15957
-1.16555
-1.17151
-1.17745
-1.18336
-1.18925
-1.19512
-1.20097
-1.2068
-1.21261
-1.21839
-1.22416
-1.2299
-1.23562
-1.24132
-1.247
-1.25266
-1.2583
-1.26391
-1.26951
-1.27509
-1.28064
-1.28617
-1.29169
-1.29718
-1.30265
-1.30811
-1.31354
-1.31895
-1.32434
-1.32971
-1.33507
-1.3404
-1.34571
-1.351
-1.35627
-1.36153
-1.36676
-1.37197
-1.37717
-1.38234
-1.38749
-1.39263
-1.39775
-1.40284
-1.40792
-1.41298
-1.41802
-1.42304
-1.42804
-1.43303
-1.43799
-1.44294
-1.44787
-1.45277
-1.45766
-1.46254
-1.46739
-1.47222
-1.47704
-1.48184
-1.48662
-1.49138
-1.49613
-1.50085
-1.50556
-1.51025
-1.51493
-1.51958
-1.52422
-1.52884
-1.53344
-1.53802
-1.54259
-1.54714
-1.55167
-1.55619
-1.56069
-1.56517
-1.56963
-1.57408
-1.57851
-1.58292
-1.58732
-1.59169
-1.59606
-1.6004
-1.60473
-1.60904
-1.61334
-1.61762
-1.62188
-1.62612
-1.63035
-1.63456
-1.63876
-1.64294
-1.6471
-1.65125
-1.65538
-1.6595
-1.6636
-1.66768
-1.67174
-1.6758
-1.67983
-1.68385
-1.68785
-1.69184
-1.69581
-1.69976
-1.7037
-1.70763
-1.71154
-1.71543
-1.71931
-1.72317
-1.72701
-1.73084
-1.73466
-1.73846
-1.74224
-1.74601
-1.74976
-1.7535
-1.75722
-1.76092
-1.76462
-1.76829
-1.77195
-1.7756
-1.77923
-1.78284
-1.78644
-1.79002
-1.79359
-1.79714
-1.80068
-1.80421
-1.80771
-1.81121
-1.81468
-1.81815
-1.82159
-1.82502
-1.82844
-1.83184
-1.83523
-1.8386
-1.84196
-1.8453
-1.84862
-1.85193
-1.85523
-1.85851
-1.86177
-1.86502
-1.86826
-1.87148
-1.87468
-1.87787
-1.88104
-1.8842
-1.88734
-1.89047
-1.89358
-1.89668
-1.89976
-1.90283
-1.90588
-1.90891
-1.91193
-1.91494
-1.91792
-1.9209
-1.92385
-1.9268
-1.92972
-1.93263
-1.93553
-1.93841
-1.94127
-1.94412
-1.94695
-1.94977
-1.95257
-1.95535
-1.95812
-1.96087
-1.96361
-1.96633
-1.96903
-1.97172
-1.97439
-1.97705
-1.97969
-1.98231
-1.98491
-1.9875
-1.99008
-1.99263
-1.99517
-1.99769
-2.0002
-2.00269
-2.00516
-2.00762
-2.01006
-2.01248
-2.01488
-2.01727
-2.01964
-2.02199
-2.02433
-2.02664
-2.02894
-2.03122
-2.03349
-2.03574
-2.03797
-2.04018
-2.04237
-2.04454
-2.0467
-2.04884
-2.05096
-2.05306
-2.05514
-2.05721
-2.05926
-2.06128
-2.06329
-2.06528
-2.06725
-2.0692
-2.07114
-2.07305
-2.07494
-2.07682
-2.07867
-2.08051
-2.08232
-2.08412
-2.08589
-2.08765
-2.08939
-2.0911
-2.0928
-2.09447
-2.09613
-2.09776
-2.09937
-2.10096
-2.10253
-2.10408
-2.10561
-2.10712
-2.10861
-2.11007
-2.11151
-2.11294
-2.11433
-2.11571
-2.11707
-2.1184
-2.11971
-2.121
-2.12227
-2.12351
-2.12473
-2.12593
-2.1271
-2.12825
-2.12938
-2.13049
-2.13157
-2.13263
-2.13366
-2.13467
-2.13566
-2.13662
-2.13756
-2.13847
-2.13936
-2.14022
-2.14106
-2.14188
-2.14267
-2.14343
-2.14417
-2.14489
-2.14558
-2.14624
-2.14687
-2.14749
-2.14807
-2.14863
-2.14916
-2.14967
-2.15015
-2.1506
-2.15102
-2.15142
-2.15179
-2.15214
-2.15245
-2.15274
-2.153
-2.15323
-2.15344
-2.15362
-2.15376
-2.15388
-2.15398
-2.15404
-2.15407
-2.15408
-2.15405
-2.154
-2.15392
-2.1538
-2.15366
-2.15349
-2.15328
-2.15305
-2.15279
-2.15249
-2.15217
-2.15182
-2.15143
-2.15101
-2.15056
-2.15008
-2.14957
-2.14903
-2.14846
-2.14785
-2.14721
-2.14654
-2.14584
-2.1451
-2.14433
-2.14353
-2.1427
-2.14183
-2.14093
-2.13999
-2.13903
-2.13802
-2.13699
-2.13592
-2.13482
-2.13368
-2.13251
-2.1313
-2.13006
-2.12878
-2.12747
-2.12612
-2.12474
-2.12332
-2.12187
-2.12038
-2.11886
-2.1173
-2.1157
-2.11407
-2.1124
-2.11069
-2.10895
-2.10717
-2.10535
-2.1035
-2.1016
-2.09968
-2.09771
-2.09571
-2.09366
-2.09158
-2.08946
-2.08731
-2.08511
-2.08288
-2.08061
-2.0783
-2.07595
-2.07356
-2.07113
-2.06866
-2.06616
-2.06361
-2.06102
-2.0584
-2.05573
-2.05302
-2.05028
-2.04749
-2.04466
-2.0418
-2.03889
-2.03594
-2.03295
-2.02992
-2.02684
-2.02373
-2.02057
-2.01737
-2.01414
-2.01085
-2.00753
-2.00417
-2.00076
-1.99731
-1.99382
-1.99028
-1.98671
-1.98309
-1.97943
-1.97572
-1.97197
-1.96818
-1.96435
-1.96047
-1.95655
-1.95258
-1.94857
-1.94452
-1.94042
-1.93628
-1.9321
-1.92787
-1.9236
-1.91928
-1.91492
-1.91052
-1.90607
-1.90157
-1.89703
-1.89245
-1.88782
-1.88314
-1.87842
-1.87366
-1.86885
-1.86399
-1.85909
-1.85415
-1.84915
-1.84412
-1.83904
-1.83391
-1.82873
-1.82351
-1.81825
-1.81293
-1.80758
-1.80217
-1.79672
-1.79123
-1.78568
-1.78009
-1.77446
-1.76878
-1.76305
-1.75727
-1.75145
-1.74558
-1.73967
-1.73371
-1.7277
-1.72165
-1.71555
-1.7094
-1.7032
-1.69696
-1.69067
-1.68434
-1.67795
-1.67152
-1.66505
-1.65852
-1.65195
-1.64533
-1.63867
-1.63196
-1.6252
-1.61839
-1.61154
-1.60464
-1.59769
-1.5907
-1.58366
-1.57657
-1.56943
-1.56225
-1.55502
-1.54774
-1.54042
-1.53305
-1.52563
-1.51816
-1.51065
-1.50309
-1.49549
-1.48783
-1.48013
-1.47239
-1.46459
-1.45675
-1.44886
-1.44093
-1.43295
-1.42492
-1.41685
-1.40873
-1.40056
-1.39235
-1.38409
-1.37578
-1.36743
-1.35903
-1.35058
-1.34209
-1.33356
-1.32497
-1.31634
-1.30767
-1.29895
-1.29018
-1.28137
-1.27251
-1.26361
-1.25466
-1.24566
-1.23662
-1.22754
-1.21841
-1.20924
-1.20002
-1.19075
-1.18144
-1.17209
-1.16269
-1.15325
-1.14376
-1.13423
-1.12466
-1.11504
-1.10537
-1.09567
-1.08592
-1.07612
-1.06629
-1.05641
-1.04648
-1.03652
-1.02651
-1.01646
-1.00636
-0.996228
-0.986049
-0.975828
-0.965565
-0.955261
-0.944914
-0.934527
-0.924097
-0.913627
-0.903116
-0.892563
-0.88197
-0.871337
-0.860663
-0.849948
-0.839194
-0.8284
-0.817566
-0.806693
-0.79578
-0.784828
-0.773837
-0.762808
-0.75174
-0.740633
-0.729488
-0.718306
-0.707085
-0.695827
-0.684531
-0.673198
-0.661828
-0.650422
-0.638979
-0.627499
-0.615983
-0.604432
-0.592844
-0.581221
-0.569563
-0.55787
-0.546142
-0.53438
-0.522583
-0.510752
-0.498887
-0.486988
-0.475056
-0.463091
-0.451093
-0.439063
-0.427
-0.414904
-0.402777
-0.390618
-0.378428
-0.366207
-0.353955
-0.341672
-0.329359
-0.317015
-0.304642
-0.29224
-0.279808
-0.267347
-0.254857
-0.242339
-0.229793
-0.217219
-0.204617
-0.191988
-0.179332
-0.166649
-0.15394
-0.141205
-0.128444
-0.115657
-0.102845
-0.0900084
-0.077147
-0.0642612
-0.0513513
-0.0384178
-0.0254609
-0.0124808
0.000521965
0.0135472
0.0265946
0.0396638
0.0527545
0.0658663
0.078999
0.0921523
0.105326
0.118519
0.131732
0.144964
0.158215
0.171484
0.184771
0.198077
0.2114
0.22474
0.238096
0.25147
0.264859
0.278264
0.291685
0.30512
0.31857
0.332035
0.345514
0.359006
0.372511
0.38603
0.39956
0.413103
0.426658
0.440224
0.453802
0.46739
0.480988
0.494596
0.508214
0.521841
0.535477
0.549121
0.562773
0.576433
0.590101
0.603775
0.617455
0.631142
0.644835
0.658532
0.672235
0.685942
0.699654
0.713369
0.727088
0.740809
0.754534
0.76826
0.781988
0.795718
0.809448
0.823179
0.836911
0.850642
0.864372
0.878101
0.891829
0.905555
0.919279
0.933
0.946718
0.960432
0.974143
0.987849
1.00155
1.01525
1.02894
1.04262
1.0563
1.06997
1.08364
1.09729
1.11094
1.12458
1.13821
1.15183
1.16544
1.17905
1.19264
1.20622
1.21979
1.23334
1.24689
1.26042
1.27393
1.28744
1.30093
1.31441
1.32787
1.34131
1.35474
1.36816
1.38155
1.39493
1.40829
1.42164
1.43496
1.44827
1.46156
1.47483
1.48808
1.5013
1.51451
1.5277
1.54086
1.554
1.56712
1.58021
1.59329
1.60633
1.61936
1.63236
1.64533
1.65828
1.6712
1.68409
1.69696
1.7098
1.72261
1.73539
1.74815
1.76088
1.77357
1.78624
1.79887
1.81148
1.82405
1.83659
1.8491
1.86158
1.87402
1.88643
1.89881
1.91115
1.92346
1.93573
1.94796
1.96016
1.97233
1.98445
1.99654
2.00859
2.02061
2.03258
2.04452
2.05641
2.06827
2.08008
2.09186
2.10359
2.11528
2.12693
2.13854
2.15011
2.16163
2.17311
2.18454
2.19593
2.20727
2.21857
2.22983
2.24103
2.25219
2.26331
2.27437
2.28539
2.29636
2.30729
2.31816
2.32898
2.33976
2.35048
2.36115
2.37178
2.38235
2.39287
2.40333
2.41375
2.42411
2.43442
2.44467
2.45488
2.46502
2.47511
2.48515
2.49513
2.50506
2.51492
2.52474
2.53449
2.54419
2.55383
2.56341
2.57293
2.5824
2.5918
2.60115
2.61043
2.61966
2.62882
2.63792
2.64696
2.65594
2.66486
2.67372
2.68251
2.69124
2.6999
2.70851
2.71704
2.72552
2.73392
2.74227
2.75054
2.75876
2.7669
2.77498
2.78299
2.79094
2.79882
2.80663
2.81437
2.82204
2.82964
2.83718
2.84465
2.85204
2.85937
2.86663
2.87381
2.88093
2.88797
2.89494
2.90184
2.90867
2.91543
2.92211
2.92872
2.93526
2.94172
2.94811
2.95443
2.96067
2.96684
2.97294
2.97895
2.9849
2.99076
2.99656
3.00227
3.00791
3.01347
3.01896
3.02437
3.0297
3.03496
3.04013
3.04523
3.05025
3.05519
3.06006
3.06484
3.06955
3.07417
3.07872
3.08319
3.08757
3.09188
3.09611
3.10025
3.10432
3.1083
3.11221
3.11603
3.11977
3.12343
3.12701
3.1305
3.13391
3.13724
3.14049
3.14366
3.14674
3.14974
3.15265
3.15549
3.15824
3.1609
3.16348
3.16598
3.1684
3.17073
3.17297
3.17513
3.17721
3.1792
3.18111
3.18293
3.18467
3.18632
3.18788
3.18936
3.19076
3.19207
3.19329
3.19443
3.19548
3.19645
3.19733
3.19812
3.19883
3.19945
3.19999
3.20043
3.2008
3.20107
3.20126
3.20136
3.20138
3.20131
3.20115
3.2009
3.20057
3.20015
3.19964
3.19905
3.19837
3.1976
3.19674
3.1958
3.19477
3.19365
3.19245
3.19116
3.18978
3.18831
3.18676
3.18512
3.18339
3.18158
3.17968
3.17769
3.17561
3.17345
3.1712
3.16886
3.16643
3.16392
3.16132
3.15864
3.15586
3.153
3.15006
3.14702
3.1439
3.14069
3.1374
3.13402
3.13055
3.127
3.12336
3.11964
3.11583
3.11193
3.10794
3.10388
3.09972
3.09548
3.09115
3.08674
3.08224
3.07766
3.07299
3.06824
3.0634
3.05848
3.05347
3.04838
3.04321
3.03795
3.0326
3.02717
3.02166
3.01606
3.01038
3.00462
2.99878
2.99285
2.98683
2.98074
2.97456
2.9683
2.96196
2.95554
2.94903
2.94244
2.93577
2.92902
2.92219
2.91528
2.90829
2.90121
2.89406
2.88682
2.87951
2.87212
2.86464
2.85709
2.84946
2.84175
2.83396
2.8261
2.81815
2.81013
2.80203
2.79385
2.78559
2.77726
2.76885
2.76037
2.75181
2.74317
2.73446
2.72567
2.71681
2.70787
2.69886
2.68977
2.68061
2.67138
2.66207
2.65269
2.64324
2.63371
2.62411
2.61444
2.6047
2.59489
2.585
2.57505
2.56502
2.55493
2.54476
2.53453
2.52422
2.51385
2.50341
2.4929
2.48232
2.47168
2.46097
2.45019
2.43934
2.42843
2.41745
2.40641
2.3953
2.38413
2.37289
2.36159
2.35023
2.3388
2.32731
2.31576
2.30414
2.29246
2.28072
2.26892
2.25706
2.24514
2.23316
2.22112
2.20902
2.19686
2.18464
2.17237
2.16003
2.14764
2.13519
2.12269
2.11013
2.09751
2.08484
2.07212
2.05934
2.0465
2.03362
2.02067
2.00768
1.99463
1.98154
1.96839
1.95519
1.94193
1.92863
1.91528
1.90188
1.88843
1.87493
1.86138
1.84779
1.83415
1.82046
1.80672
1.79294
1.77912
1.76525
1.75133
1.73737
1.72337
1.70932
1.69523
1.6811
1.66692
1.65271
1.63845
1.62416
1.60982
1.59544
1.58103
1.56657
1.55208
1.53755
1.52299
1.50838
1.49374
1.47906
1.46435
1.44961
1.43483
1.42001
1.40516
1.39028
1.37537
1.36042
1.34545
1.33044
1.3154
1.30033
1.28523
1.2701
1.25495
1.23976
1.22455
1.20931
1.19404
1.17875
1.16343
1.14809
1.13272
1.11733
1.10191
1.08647
1.07101
1.05553
1.04002
1.02449
1.00895
0.993377
0.977789
0.962181
0.946554
0.930909
0.915247
0.899567
0.88387
0.868157
0.852428
0.836683
0.820924
0.805151
0.789363
0.773563
0.757749
0.741923
0.726085
0.710236
0.694377
0.678506
0.662626
0.646737
0.630839
0.614932
0.599018
0.583096
0.567168
0.551233
0.535292
0.519346
0.503395
0.487439
0.47148
0.455518
0.439552
0.423585
0.407615
0.391644
0.375672
0.3597
0.343728
0.327757
0.311786
0.295818
0.279851
0.263887
0.247926
0.231969
0.216015
0.200067
0.184123
0.168185
0.152253
0.136327
0.120408
0.104497
0.0885941
0.0726994
0.0568136
0.0409372
0.0250708
0.00921475
-0.00663043
-0.0224643
-0.0382863
-0.054096
-0.0698929
-0.0856765
-0.101446
-0.117202
-0.132943
-0.148669
-0.164379
-0.180073
-0.195751
-0.211412
-0.227055
-0.24268
-0.258286
-0.273874
-0.289442
-0.304991
-0.320519
-0.336027
-0.351513
-0.366978
-0.38242
-0.397841
-0.413238
-0.428611
-0.443961
-0.459286
-0.474587
-0.489862
-0.505112
-0.520335
-0.535532
-0.550702
-0.565844
-0.580959
-0.596045
-0.611102
-0.626131
-0.641129
-0.656098
-0.671036
-0.685944
-0.700819
-0.715664
-0.730476
-0.745255
-0.760002
-0.774715
-0.789394
-0.804039
-0.81865
-0.833225
-0.847765
-0.862269
-0.876737
-0.891168
-0.905562
-0.919919
-0.934238
-0.948518
-0.96276
-0.976963
-0.991127
-1.00525
-1.01933
-1.03338
-1.04738
-1.06134
-1.07526
-1.08914
-1.10297
-1.11676
-1.13051
-1.14422
-1.15788
-1.1715
-1.18507
-1.1986
-1.21208
-1.22551
-1.23891
-1.25225
-1.26555
-1.2788
-1.292
-1.30516
-1.31826
-1.33132
-1.34433
-1.35729
-1.37021
-1.38307
-1.39588
-1.40864
-1.42135
-1.43401
-1.44662
-1.45918
-1.47169
-1.48414
-1.49654
-1.50889
-1.52118
-1.53342
-1.54561
-1.55775
-1.56983
-1.58185
-1.59382
-1.60574
-1.6176
-1.6294
-1.64115
-1.65284
-1.66448
-1.67605
-1.68758
-1.69904
-1.71045
-1.7218
-1.73309
-1.74432
-1.7555
-1.76661
-1.77767
-1.78867
-1.7996
-1.81048
-1.8213
-1.83206
-1.84276
-1.85339
-1.86397
-1.87448
-1.88494
-1.89533
-1.90566
-1.91593
-1.92614
-1.93628
-1.94636
-1.95638
-1.96634
-1.97623
-1.98606
-1.99583
-2.00553
-2.01517
-2.02474
-2.03425
-2.0437
-2.05308
-2.0624
-2.07165
-2.08084
-2.08996
-2.09902
-2.10801
-2.11693
-2.12579
-2.13459
-2.14331
-2.15197
-2.16057
-2.1691
-2.17756
-2.18596
-2.19428
-2.20255
-2.21074
-2.21887
-2.22693
-2.23492
-2.24284
-2.2507
-2.25849
-2.26621
-2.27386
-2.28145
-2.28896
-2.29641
-2.30379
-2.31111
-2.31835
-2.32552
-2.33263
-2.33967
-2.34664
-2.35353
-2.36037
-2.36713
-2.37382
-2.38044
-2.387
-2.39348
-2.3999
-2.40624
-2.41252
-2.41873
-2.42487
-2.43093
-2.43693
-2.44286
-2.44872
-2.45451
-2.46023
-2.46588
-2.47146
-2.47698
-2.48242
-2.48779
-2.49309
-2.49832
-2.50349
-2.50858
-2.5136
-2.51856
-2.52344
-2.52825
-2.533
-2.53767
-2.54228
-2.54681
-2.55128
-2.55567
-2.56
-2.56426
-2.56844
-2.57256
-2.57661
-2.58059
-2.5845
-2.58834
-2.59211
-2.59581
-2.59945
-2.60301
-2.6065
-2.60993
-2.61329
-2.61657
-2.61979
-2.62294
-2.62603
-2.62904
-2.63198
-2.63486
-2.63767
-2.64041
-2.64308
-2.64568
-2.64822
-2.65069
-2.65309
-2.65542
-2.65768
-2.65988
-2.66201
-2.66407
-2.66607
-2.668
-2.66986
-2.67165
-2.67338
-2.67504
-2.67664
-2.67816
-2.67963
-2.68102
-2.68235
-2.68362
-2.68481
-2.68595
-2.68702
-2.68802
-2.68895
-2.68983
-2.69063
-2.69138
-2.69205
-2.69267
-2.69322
-2.6937
-2.69412
-2.69448
-2.69478
-2.69501
-2.69517
-2.69528
-2.69532
-2.6953
-2.69521
-2.69507
-2.69486
-2.69459
-2.69426
-2.69386
-2.6934
-2.69289
-2.69231
-2.69167
-2.69097
-2.69021
-2.68939
-2.68851
-2.68757
-2.68656
-2.6855
-2.68438
-2.6832
-2.68197
-2.68067
-2.67931
-2.6779
-2.67643
-2.6749
-2.67331
-2.67166
-2.66996
-2.6682
-2.66638
-2.66451
-2.66258
-2.6606
-2.65855
-2.65646
-2.6543
-2.6521
-2.64983
-2.64751
-2.64514
-2.64271
-2.64023
-2.6377
-2.63511
-2.63247
-2.62977
-2.62702
-2.62422
-2.62137
-2.61846
-2.6155
-2.61249
-2.60943
-2.60632
-2.60316
-2.59994
-2.59668
-2.59336
-2.59
-2.58658
-2.58312
-2.57961
-2.57605
-2.57243
-2.56878
-2.56507
-2.56131
-2.55751
-2.55366
-2.54976
-2.54582
-2.54183
-2.53779
-2.5337
-2.52957
-2.5254
-2.52118
-2.51691
-2.5126
-2.50825
-2.50385
-2.49941
-2.49492
-2.49039
-2.48582
-2.4812
-2.47654
-2.47184
-2.4671
-2.46231
-2.45749
-2.45262
-2.44771
-2.44276
-2.43777
-2.43274
-2.42767
-2.42256
-2.41741
-2.41222
-2.40699
-2.40173
-2.39643
-2.39108
-2.3857
-2.38029
-2.37483
-2.36934
-2.36382
-2.35825
-2.35265
-2.34702
-2.34135
-2.33564
-2.3299
-2.32412
-2.31831
-2.31247
-2.30659
-2.30068
-2.29473
-2.28876
-2.28275
-2.2767
-2.27063
-2.26452
-2.25838
-2.25221
-2.24601
-2.23978
-2.23352
-2.22723
-2.2209
-2.21455
-2.20817
-2.20176
-2.19532
-2.18885
-2.18236
-2.17583
-2.16928
-2.1627
-2.15609
-2.14946
-2.1428
-2.13611
-2.1294
-2.12266
-2.1159
-2.10911
-2.10229
-2.09546
-2.08859
-2.0817
-2.07479
-2.06786
-2.0609
-2.05391
-2.04691
-2.03988
-2.03283
-2.02576
-2.01866
-2.01155
-2.00441
-1.99725
-1.99007
-1.98287
-1.97565
-1.96841
-1.96115
-1.95387
-1.94657
-1.93925
-1.93192
-1.92456
-1.91719
-1.90979
-1.90238
-1.89496
-1.88751
-1.88005
-1.87257
-1.86508
-1.85757
-1.85004
-1.84249
-1.83494
-1.82736
-1.81977
-1.81217
-1.80455
-1.79691
-1.78927
-1.78161
-1.77393
-1.76624
-1.75854
-1.75082
-1.7431
-1.73536
-1.7276
-1.71984
-1.71206
-1.70427
-1.69647
-1.68866
-1.68084
-1.67301
-1.66516
-1.65731
-1.64944
-1.64157
-1.63369
-1.62579
-1.61789
-1.60998
-1.60206
-1.59413
-1.58619
-1.57824
-1.57029
-1.56233
-1.55436
-1.54638
-1.5384
-1.5304
-1.52241
-1.5144
-1.50639
-1.49837
-1.49035
-1.48232
-1.47428
-1.46624
-1.45819
-1.45014
-1.44208
-1.43402
-1.42596
-1.41789
-1.40981
-1.40173
-1.39365
-1.38556
-1.37747
-1.36938
-1.36128
-1.35318
-1.34508
-1.33697
-1.32886
-1.32075
-1.31264
-1.30452
-1.2964
-1.28828
-1.28016
-1.27204
-1.26392
-1.25579
-1.24767
-1.23954
-1.23141
-1.22328
-1.21515
-1.20703
-1.1989
-1.19077
-1.18264
-1.17451
-1.16638
-1.15825
-1.15012
-1.142
-1.13387
-1.12575
-1.11762
-1.1095
-1.10138
-1.09326
-1.08514
-1.07702
-1.06891
-1.0608
-1.05269
-1.04458
-1.03647
-1.02837
-1.02027
-1.01217
-1.00407
-0.99598
-0.98789
-0.979803
-0.97172
-0.963639
-0.955562
-0.947488
-0.939418
-0.931351
-0.923288
-0.915229
-0.907173
-0.899122
-0.891074
-0.883031
-0.874992
-0.866958
-0.858927
-0.850901
-0.84288
-0.834863
-0.826851
-0.818844
-0.810841
-0.802844
-0.794851
-0.786864
-0.778881
-0.770904
-0.762932
-0.754965
-0.747003
-0.739047
-0.731096
-0.723151
-0.715212
-0.707278
-0.699349
-0.691427
-0.68351
-0.675599
-0.667694
-0.659795
-0.651902
-0.644014
-0.636133
-0.628258
-0.620389
-0.612526
-0.60467
-0.596819
-0.588975
-0.581137
-0.573306
-0.565481
-0.557662
-0.549849
-0.542044
-0.534244
-0.526451
-0.518665
-0.510885
-0.503112
-0.495345
-0.487585
-0.479831
-0.472084
-0.464344
-0.456611
-0.448884
-0.441164
-0.43345
-0.425743
-0.418043
-0.41035
-0.402663
-0.394983
-0.38731
-0.379644
-0.371984
-0.364331
-0.356685
-0.349046
-0.341413
-0.333787
-0.326168
-0.318556
-0.31095
-0.303351
-0.295759
-0.288173
-0.280595
-0.273022
-0.265457
-0.257898
-0.250346
-0.2428
-0.235262
-0.227729
-0.220204
-0.212685
-0.205172
-0.197666
-0.190167
-0.182674
-0.175187
-0.167707
-0.160234
-0.152767
-0.145306
-0.137851
-0.130403
-0.122962
-0.115526
-0.108097
-0.100674
-0.0932574
-0.0858468
-0.0784424
-0.0710441
-0.0636519
-0.0562658
-0.0488856
-0.0415115
-0.0341433
-0.026781
-0.0194247
-0.0120741
-0.00472944
0.00260948
0.00994266
0.0172701
0.0245919
0.0319081
0.0392187
0.0465237
0.0538232
0.0611172
0.0684058
0.075689
0.0829668
0.0902393
0.0975066
0.104769
0.112025
0.119277
0.126524
0.133765
0.141002
0.148233
0.15546
0.162681
0.169898
0.17711
0.184318
0.19152
0.198718
0.205911
0.2131
0.220284
0.227464
0.234639
0.24181
0.248977
0.256139
0.263297
0.270451
0.2776
0.284746
0.291887
0.299025
0.306158
0.313288
0.320413
0.327535
0.334653
0.341767
0.348878
0.355985
0.363088
0.370188
0.377284
0.384377
0.391466
0.398552
0.405634
0.412714
0.41979
0.426863
0.433932
0.440999
0.448062
0.455123
0.46218
0.469235
0.476286
0.483335
0.490381
0.497424
0.504464
0.511502
0.518537
0.525569
0.532599
0.539626
0.546651
0.553674
0.560694
0.567711
0.574726
0.581739
0.58875
0.595758
0.602764
0.609768
0.61677
0.62377
0.630767
0.637763
0.644757
0.651748
0.658738
0.665726
0.672711
0.679695
0.686678
0.693658
0.700637
0.707613
0.714589
0.721562
0.728534
0.735504
0.742472
0.749439
0.756404
0.763368
0.77033
0.777291
0.78425
0.791207
0.798164
0.805118
0.812071
0.819023
0.825974
0.832922
0.83987
0.846816
0.853761
0.860704
0.867646
0.874587
0.881526
0.888464
0.895401
0.902336
0.90927
0.916203
0.923134
0.930064
0.936993
0.94392
0.950846
0.957771
0.964694
0.971616
0.978536
0.985456
0.992373
0.99929
1.0062
1.01312
1.02003
1.02694
1.03385
1.04076
1.04766
1.05457
1.06147
1.06837
1.07527
1.08217
1.08907
1.09596
1.10286
1.10975
1.11664
1.12353
1.13041
1.1373
1.14418
1.15106
1.15794
1.16482
1.17169
1.17856
1.18543
1.1923
1.19917
1.20603
1.21289
1.21975
1.22661
1.23346
1.24032
1.24717
1.25401
1.26086
1.2677
1.27454
1.28137
1.2882
1.29503
1.30186
1.30869
1.31551
1.32232
1.32914
1.33595
1.34276
1.34956
1.35636
1.36316
1.36995
1.37674
1.38352
1.3903
1.39708
1.40386
1.41062
1.41739
1.42415
1.4309
1.43766
1.4444
1.45114
1.45788
1.46461
1.47134
1.47806
1.48478
1.49149
1.49819
1.50489
1.51159
1.51828
1.52496
1.53164
1.53831
1.54497
1.55163
1.55828
1.56493
1.57157
1.5782
1.58482
1.59144
1.59805
1.60466
1.61125
1.61784
1.62442
1.631
1.63756
1.64412
1.65067
1.65721
1.66374
1.67027
1.67678
1.68329
1.68979
1.69628
1.70275
1.70922
1.71568
1.72213
1.72858
1.73501
1.74143
1.74784
1.75424
1.76063
1.767
1.77337
1.77973
1.78607
1.79241
1.79873
1.80504
1.81134
1.81762
1.8239
1.83016
1.83641
1.84265
1.84887
1.85508
1.86128
1.86746
1.87363
1.87979
1.88593
1.89206
1.89817
1.90427
1.91036
1.91643
1.92248
1.92852
1.93454
1.94055
1.94655
1.95252
1.95848
1.96443
1.97035
1.97627
1.98216
1.98804
1.99389
1.99974
2.00556
2.01137
2.01715
2.02292
2.02867
2.03441
2.04012
2.04581
2.05149
2.05714
2.06278
2.06839
2.07399
2.07956
2.08511
2.09065
2.09616
2.10165
2.10712
2.11256
2.11799
2.12339
2.12877
2.13413
2.13947
2.14478
2.15007
2.15533
2.16057
2.16579
2.17098
2.17615
2.1813
2.18642
2.19151
2.19658
2.20162
2.20664
2.21163
2.2166
2.22153
2.22645
2.23133
2.23619
2.24102
2.24582
2.2506
2.25535
2.26006
2.26475
2.26942
2.27405
2.27865
2.28322
2.28777
2.29228
2.29676
2.30122
2.30564
2.31003
2.31439
2.31872
2.32302
2.32728
2.33151
2.33571
2.33988
2.34402
2.34812
2.35219
2.35622
2.36022
2.36419
2.36812
2.37202
2.37588
2.37971
2.3835
2.38726
2.39098
2.39467
2.39832
2.40193
2.4055
2.40904
2.41254
2.41601
2.41944
2.42282
2.42617
2.42948
2.43276
2.43599
2.43919
2.44234
2.44546
2.44853
2.45157
2.45456
2.45752
2.46043
2.4633
2.46614
2.46893
2.47167
2.47438
2.47704
2.47966
2.48224
2.48478
2.48727
2.48972
2.49212
2.49448
2.4968
2.49907
2.5013
2.50348
2.50562
2.50771
2.50975
2.51176
2.51371
2.51562
2.51748
2.51929
2.52106
2.52278
2.52446
2.52608
2.52766
2.52919
2.53067
2.53211
2.53349
2.53482
2.53611
2.53735
2.53853
2.53967
2.54076
2.5418
2.54278
2.54372
2.5446
2.54544
2.54622
2.54695
2.54763
2.54826
2.54883
2.54935
2.54982
2.55024
2.55061
2.55092
2.55118
2.55138
2.55153
2.55163
2.55167
2.55166
2.55159
2.55147
2.5513
2.55106
2.55078
2.55044
2.55004
2.54959
2.54908
2.54851
2.54789
2.54721
2.54648
2.54568
2.54484
2.54393
2.54297
2.54194
2.54087
2.53973
2.53853
2.53728
2.53597
2.5346
2.53317
2.53168
2.53014
2.52853
2.52687
2.52514
2.52336
2.52152
2.51961
2.51765
2.51563
2.51354
2.5114
2.50919
2.50693
2.5046
2.50221
2.49977
2.49726
2.49469
2.49205
2.48936
2.4866
2.48379
2.48091
2.47797
2.47496
2.4719
2.46877
2.46558
2.46233
2.45901
2.45563
2.45219
2.44869
2.44512
2.44149
2.4378
2.43404
2.43022
2.42634
2.42239
2.41838
2.4143
2.41017
2.40596
2.4017
2.39737
2.39298
2.38852
2.384
2.37941
2.37476
2.37005
2.36527
2.36042
2.35552
2.35054
2.34551
2.34041
2.33524
2.33001
2.32472
2.31936
2.31393
2.30844
2.30289
2.29727
2.29159
2.28584
2.28003
2.27415
2.26821
2.2622
2.25613
2.24999
2.24379
2.23752
2.23119
2.22479
2.21833
2.21181
2.20522
2.19856
2.19184
2.18506
2.17821
2.17129
2.16432
2.15727
2.15017
2.14299
2.13576
2.12846
2.12109
2.11366
2.10617
2.09861
2.09099
2.0833
2.07555
2.06774
2.05986
2.05192
2.04391
2.03585
2.02771
2.01952
2.01126
2.00294
1.99455
1.9861
1.97759
1.96901
1.96038
1.95168
1.94291
1.93409
1.9252
1.91625
1.90724
1.89816
1.88903
1.87983
1.87057
1.86125
1.85187
1.84242
1.83292
1.82335
1.81373
1.80404
1.79429
1.78448
1.77461
1.76468
1.7547
1.74465
1.73454
1.72437
1.71415
1.70386
1.69352
1.68311
1.67265
1.66213
1.65155
1.64092
1.63022
1.61947
1.60866
1.59779
1.58687
1.57589
1.56485
1.55376
1.54261
1.5314
1.52014
1.50883
1.49745
1.48603
1.47455
1.46301
1.45142
1.43977
1.42807
1.41632
1.40452
1.39266
1.38074
1.36878
1.35676
1.34469
1.33257
1.3204
1.30817
1.2959
1.28357
1.2712
1.25877
1.24629
1.23376
1.22119
1.20856
1.19589
1.18316
1.17039
1.15757
1.14471
1.13179
1.11883
1.10582
1.09277
1.07967
1.06652
1.05333
1.04009
1.0268
1.01348
1.00011
0.986689
0.97323
0.959727
0.946181
0.932593
0.918962
0.905289
0.891575
0.877819
0.864022
0.850185
0.836307
0.82239
0.808433
0.794437
0.780401
0.766328
0.752216
0.738067
0.72388
0.709656
0.695396
0.681099
0.666766
0.652398
0.637995
0.623556
0.609084
0.594577
0.580037
0.565464
0.550858
0.536219
0.521549
0.506847
0.492113
0.477349
0.462554
0.447729
0.432875
0.417991
0.403079
0.388138
0.373169
0.358173
0.343149
0.328099
0.313022
0.29792
0.282792
0.267639
0.252461
0.237259
0.222034
0.206785
0.191513
0.176219
0.160902
0.145565
0.130206
0.114826
0.099426
0.0840062
0.0685671
0.0531091
0.0376326
0.0221381
0.00662604
-0.00890314
-0.024449
-0.040011
-0.0555888
-0.0711819
-0.0867898
-0.102412
-0.118048
-0.133698
-0.149361
-0.165036
-0.180723
-0.196422
-0.212131
-0.227852
-0.243583
-0.259323
-0.275072
-0.290831
-0.306597
-0.322372
-0.338153
-0.353942
-0.369737
-0.385538
-0.401344
-0.417155
-0.43297
-0.44879
-0.464613
-0.480439
-0.496267
-0.512097
-0.527929
-0.543762
-0.559596
-0.575429
-0.591262
-0.607094
-0.622925
-0.638753
-0.65458
-0.670403
-0.686223
-0.702039
-0.717851
-0.733658
-0.749459
-0.765255
-0.781044
-0.796826
-0.812601
-0.828368
-0.844127
-0.859877
-0.875617
-0.891347
-0.907068
-0.922777
-0.938475
-0.954161
-0.969834
-0.985495
-1.00114
-1.01678
-1.0324
-1.048
-1.06359
-1.07916
-1.09472
-1.11026
-1.12578
-1.14128
-1.15677
-1.17224
-1.18768
-1.20311
-1.21852
-1.23391
-1.24927
-1.26461
-1.27994
-1.29523
-1.31051
-1.32576
-1.34098
-1.35619
-1.37136
-1.38651
-1.40163
-1.41673
-1.4318
-1.44684
-1.46186
-1.47684
-1.49179
-1.50672
-1.52161
-1.53648
-1.55131
-1.56611
-1.58088
-1.59561
-1.61032
-1.62498
-1.63962
-1.65422
-1.66878
-1.68331
-1.6978
-1.71226
-1.72668
-1.74106
-1.7554
-1.7697
-1.78397
-1.79819
-1.81238
-1.82652
-1.84063
-1.85469
-1.86871
-1.88269
-1.89662
-1.91051
-1.92436
-1.93816
-1.95192
-1.96564
-1.9793
-1.99293
-2.0065
-2.02003
-2.03351
-2.04694
-2.06032
-2.07366
-2.08694
-2.10018
-2.11337
-2.1265
-2.13959
-2.15262
-2.1656
-2.17853
-2.1914
-2.20422
-2.21699
-2.2297
-2.24236
-2.25496
-2.26751
-2.28001
-2.29244
-2.30482
-2.31714
-2.32941
-2.34161
-2.35376
-2.36585
-2.37788
-2.38985
-2.40176
-2.41361
-2.4254
-2.43712
-2.44879
-2.46039
-2.47193
-2.48341
-2.49482
-2.50617
-2.51746
-2.52868
-2.53984
-2.55093
-2.56196
-2.57292
-2.58381
-2.59464
-2.6054
-2.61609
-2.62672
-2.63727
-2.64776
-2.65818
-2.66853
-2.67881
-2.68902
-2.69916
-2.70923
-2.71922
-2.72915
-2.739
-2.74878
-2.75849
-2.76813
-2.7777
-2.78719
-2.7966
-2.80594
-2.81521
-2.82441
-2.83352
-2.84257
-2.85153
-2.86043
-2.86924
-2.87798
-2.88664
-2.89523
-2.90373
-2.91216
-2.92051
-2.92879
-2.93698
-2.94509
-2.95313
-2.96109
-2.96896
-2.97676
-2.98448
-2.99211
-2.99967
-3.00714
-3.01453
-3.02185
-3.02908
-3.03622
-3.04329
-3.05027
-3.05717
-3.06399
-3.07072
-3.07737
-3.08394
-3.09042
-3.09682
-3.10313
-3.10936
-3.1155
-3.12156
-3.12754
-3.13342
-3.13923
-3.14495
-3.15058
-3.15612
-3.16158
-3.16695
-3.17224
-3.17744
-3.18255
-3.18757
-3.19251
-3.19736
-3.20212
-3.20679
-3.21138
-3.21588
-3.22028
-3.2246
-3.22884
-3.23298
-3.23703
-3.241
-3.24487
-3.24866
-3.25236
-3.25596
-3.25948
-3.26291
-3.26625
-3.2695
-3.27265
-3.27572
-3.2787
-3.28159
-3.28438
-3.28709
-3.2897
-3.29223
-3.29466
-3.297
-3.29926
-3.30142
-3.30349
-3.30547
-3.30735
-3.30915
-3.31085
-3.31247
-3.31399
-3.31542
-3.31676
-3.31801
-3.31916
-3.32023
-3.3212
-3.32208
-3.32287
-3.32357
-3.32418
-3.32469
-3.32512
-3.32545
-3.32569
-3.32583
-3.32589
-3.32586
-3.32573
-3.32551
-3.3252
-3.3248
-3.32431
-3.32372
-3.32305
-3.32228
-3.32142
-3.32047
-3.31943
-3.3183
-3.31708
-3.31576
-3.31436
-3.31286
-3.31127
-3.30959
-3.30783
-3.30597
-3.30402
-3.30198
-3.29985
-3.29762
-3.29531
-3.29291
-3.29042
-3.28784
-3.28517
-3.28241
-3.27956
-3.27662
-3.27359
-3.27047
-3.26726
-3.26396
-3.26058
-3.25711
-3.25354
-3.24989
-3.24615
-3.24233
-3.23841
-3.23441
-3.23032
-3.22614
-3.22188
-3.21752
-3.21308
-3.20856
-3.20395
-3.19925
-3.19446
-3.18959
-3.18463
-3.17959
-3.17446
-3.16925
-3.16395
-3.15857
-3.1531
-3.14755
-3.14191
-3.13619
-3.13039
-3.1245
-3.11853
-3.11248
-3.10634
-3.10012
-3.09382
-3.08744
-3.08097
-3.07442
-3.06779
-3.06109
-3.05429
-3.04742
-3.04047
-3.03344
-3.02633
-3.01914
-3.01187
-3.00452
-2.99709
-2.98958
-2.982
-2.97434
-2.9666
-2.95878
-2.95088
-2.94291
-2.93486
-2.92674
-2.91854
-2.91027
-2.90192
-2.89349
-2.88499
-2.87642
-2.86777
-2.85905
-2.85025
-2.84139
-2.83245
-2.82343
-2.81435
-2.80519
-2.79597
-2.78667
-2.7773
-2.76786
-2.75835
-2.74877
-2.73912
-2.72941
-2.71962
-2.70977
-2.69985
-2.68986
-2.6798
-2.66968
-2.65949
-2.64924
-2.63892
-2.62853
-2.61808
-2.60757
-2.59699
-2.58635
-2.57564
-2.56488
-2.55404
-2.54315
-2.5322
-2.52118
-2.5101
-2.49897
-2.48777
-2.47651
-2.4652
-2.45382
-2.44239
-2.4309
-2.41935
-2.40774
-2.39608
-2.38436
-2.37258
-2.36075
-2.34886
-2.33692
-2.32492
-2.31287
-2.30077
-2.28862
-2.27641
-2.26415
-2.25183
-2.23947
-2.22705
-2.21459
-2.20207
-2.18951
-2.17689
-2.16423
-2.15152
-2.13876
-2.12596
-2.1131
-2.10021
-2.08726
-2.07427
-2.06123
-2.04815
-2.03503
-2.02186
-2.00865
-1.9954
-1.9821
-1.96876
-1.95538
-1.94196
-1.9285
-1.915
-1.90146
-1.88788
-1.87426
-1.86061
-1.84691
-1.83318
-1.81941
-1.80561
-1.79177
-1.77789
-1.76398
-1.75004
-1.73606
-1.72205
-1.708
-1.69393
-1.67982
-1.66568
-1.6515
-1.6373
-1.62307
-1.60881
-1.59452
-1.5802
-1.56585
-1.55147
-1.53707
-1.52264
-1.50818
-1.4937
-1.4792
-1.46467
-1.45011
-1.43553
-1.42093
-1.4063
-1.39165
-1.37698
-1.36229
-1.34758
-1.33285
-1.31809
-1.30332
-1.28853
-1.27372
-1.25889
-1.24405
-1.22918
-1.21431
-1.19941
-1.1845
-1.16957
-1.15463
-1.13968
-1.12471
-1.10973
-1.09474
-1.07973
-1.06471
-1.04968
-1.03464
-1.01959
-1.00453
-0.989463
-0.974384
-0.959297
-0.944203
-0.9291
-0.913991
-0.898876
-0.883754
-0.868627
-0.853495
-0.838358
-0.823217
-0.808072
-0.792925
-0.777774
-0.762622
-0.747467
-0.732311
-0.717155
-0.701998
-0.686841
-0.671685
-0.65653
-0.641376
-0.626224
-0.611075
-0.595929
-0.580785
-0.565646
-0.550511
-0.535381
-0.520256
-0.505136
-0.490023
-0.474916
-0.459816
-0.444723
-0.429639
-0.414563
-0.399495
-0.384437
-0.369388
-0.35435
-0.339322
-0.324305
-0.309299
-0.294306
-0.279324
-0.264356
-0.2494
-0.234458
-0.219531
-0.204617
-0.189719
-0.174836
-0.159968
-0.145117
-0.130283
-0.115465
-0.100665
-0.0858825
-0.0711184
-0.0563731
-0.0416468
-0.0269401
-0.0122532
0.00241327
0.017059
0.0316837
0.0462868
0.060868
0.0754268
0.0899629
0.104476
0.118965
0.133431
0.147872
0.162288
0.17668
0.191046
0.205386
0.219699
0.233987
0.248247
0.26248
0.276685
0.290862
0.30501
0.31913
0.33322
0.347281
0.361311
0.375312
0.389282
0.40322
0.417128
0.431003
0.444847
0.458658
0.472436
0.486181
0.499893
0.513571
0.527214
0.540823
0.554398
0.567937
0.581441
0.594908
0.60834
0.621735
0.635094
0.648415
0.661699
0.674946
0.688154
0.701323
0.714455
0.727547
0.7406
0.753613
0.766586
0.77952
0.792413
0.805265
0.818076
0.830845
0.843573
0.856259
0.868903
0.881505
0.894064
0.906579
0.919052
0.931481
0.943866
0.956207
0.968504
0.980756
0.992963
1.00513
1.01724
1.02931
1.04134
1.05332
1.06525
1.07714
1.08898
1.10077
1.11251
1.12421
1.13586
1.14746
1.15902
1.17052
1.18198
1.19339
1.20475
1.21606
1.22732
1.23853
1.24969
1.2608
1.27186
1.28287
1.29383
1.30474
1.31559
1.3264
1.33716
1.34786
1.35851
1.36911
1.37966
1.39015
1.4006
1.41099
1.42132
1.43161
1.44184
1.45202
1.46214
1.47221
1.48223
1.49219
1.5021
1.51196
1.52176
1.53151
1.5412
1.55084
1.56042
1.56995
1.57943
1.58884
1.59821
1.60751
1.61677
1.62596
1.63511
1.64419
1.65322
1.66219
1.67111
1.67997
1.68878
1.69753
1.70622
1.71486
1.72343
1.73196
1.74042
1.74883
1.75718
1.76548
1.77372
1.7819
1.79002
1.79809
1.8061
1.81405
1.82195
1.82978
1.83756
1.84529
1.85295
1.86056
1.86811
1.8756
1.88304
1.89041
1.89773
1.90499
1.9122
1.91934
1.92643
1.93346
1.94043
1.94735
1.9542
1.961
1.96774
1.97443
1.98105
1.98762
1.99413
2.00058
2.00697
2.01331
2.01959
2.02581
2.03197
2.03807
2.04412
2.05011
2.05604
2.06191
2.06773
2.07349
2.07919
2.08483
2.09042
2.09595
2.10142
2.10683
2.11219
2.11749
2.12273
2.12791
2.13304
2.13811
2.14313
2.14808
2.15298
2.15783
2.16261
2.16734
2.17202
2.17663
2.18119
2.1857
2.19015
2.19454
2.19887
2.20315
2.20738
2.21155
2.21566
2.21971
2.22372
2.22766
2.23155
2.23539
2.23917
2.24289
2.24656
2.25018
2.25374
2.25724
2.26069
2.26409
2.26743
2.27072
2.27396
2.27714
2.28027
2.28334
2.28636
2.28933
2.29224
2.2951
2.29791
2.30066
2.30336
2.30601
2.30861
2.31115
2.31364
2.31608
2.31847
2.32081
2.32309
2.32532
2.32751
2.32964
2.33172
2.33375
2.33572
2.33765
2.33953
2.34136
2.34313
2.34486
2.34654
2.34817
2.34974
2.35127
2.35275
2.35418
2.35557
2.3569
2.35819
2.35942
2.36061
2.36175
2.36285
2.36389
2.36489
2.36584
2.36675
2.3676
2.36842
2.36918
2.3699
2.37057
2.3712
2.37178
2.37231
2.3728
2.37325
2.37365
2.374
2.37431
2.37458
2.3748
2.37497
2.37511
2.3752
2.37524
2.37525
2.37521
2.37513
2.375
2.37483
2.37462
2.37437
2.37408
2.37374
2.37336
2.37295
2.37249
2.37199
2.37144
2.37086
2.37024
2.36958
2.36888
2.36814
2.36736
2.36654
2.36568
2.36478
2.36384
2.36287
2.36185
2.3608
2.35971
2.35859
2.35742
2.35622
2.35498
2.35371
2.3524
2.35105
2.34967
2.34825
2.34679
2.3453
2.34377
2.34221
2.34061
2.33898
2.33732
2.33562
2.33388
2.33212
2.33031
2.32848
2.32661
2.32471
2.32277
2.32081
2.31881
2.31678
2.31471
2.31262
2.31049
2.30833
2.30614
2.30392
2.30167
2.29939
2.29708
2.29473
2.29236
2.28996
2.28753
2.28507
2.28258
2.28006
2.27751
2.27493
2.27233
2.2697
2.26703
2.26435
2.26163
2.25889
2.25612
2.25332
2.25049
2.24764
2.24477
2.24186
2.23893
2.23598
2.233
2.22999
2.22696
2.2239
2.22082
2.21771
2.21458
2.21143
2.20825
2.20505
2.20182
2.19857
2.1953
2.192
2.18868
2.18534
2.18197
2.17859
2.17518
2.17175
2.16829
2.16482
2.16132
2.1578
2.15426
2.1507
2.14712
2.14352
2.1399
2.13625
2.13259
2.12891
2.12521
2.12148
2.11774
2.11398
2.1102
2.1064
2.10258
2.09875
2.09489
2.09102
2.08713
2.08322
2.07929
2.07534
2.07138
2.0674
2.0634
2.05939
2.05535
2.05131
2.04724
2.04316
2.03906
2.03495
2.03082
2.02667
2.02251
2.01833
2.01413
2.00992
2.0057
2.00146
1.99721
1.99294
1.98865
1.98435
1.98004
1.97571
1.97137
1.96701
1.96264
1.95826
1.95386
1.94945
1.94502
1.94059
1.93613
1.93167
1.92719
1.9227
1.9182
1.91368
1.90915
1.90461
1.90005
1.89549
1.89091
1.88632
1.88171
1.8771
1.87247
1.86784
1.86319
1.85852
1.85385
1.84917
1.84447
1.83976
1.83505
1.83032
1.82558
1.82083
1.81607
1.81129
1.80651
1.80172
1.79692
1.7921
1.78728
1.78244
1.7776
1.77274
1.76788
1.763
1.75812
1.75323
1.74832
1.74341
1.73848
1.73355
1.72861
1.72366
1.7187
1.71373
1.70875
1.70376
1.69876
1.69375
1.68873
1.68371
1.67867
1.67363
1.66858
1.66351
1.65844
1.65337
1.64828
1.64318
1.63807
1.63296
1.62784
1.62271
1.61757
1.61242
1.60726
1.6021
1.59692
1.59174
1.58655
1.58135
1.57614
1.57092
1.5657
1.56047
1.55523
1.54998
1.54472
1.53945
1.53418
1.52889
1.5236
1.5183
1.513
1.50768
1.50236
1.49702
1.49168
1.48633
1.48098
1.47561
1.47024
1.46485
1.45946
1.45406
1.44866
1.44324
1.43782
1.43239
1.42695
1.4215
1.41604
1.41057
1.4051
1.39962
1.39413
1.38863
1.38312
1.3776
1.37208
1.36654
1.361
1.35545
1.34989
1.34432
1.33875
1.33316
1.32757
1.32196
1.31635
1.31073
1.3051
1.29946
1.29381
1.28815
1.28249
1.27681
1.27113
1.26544
1.25973
1.25402
1.2483
1.24257
1.23683
1.23108
1.22532
1.21955
1.21377
1.20798
1.20219
1.19638
1.19056
1.18473
1.1789
1.17305
1.16719
1.16133
1.15545
1.14956
1.14366
1.13776
1.13184
1.12591
1.11997
1.11402
1.10806
1.10209
1.09611
1.09012
1.08411
1.0781
1.07208
1.06604
1.05999
1.05393
1.04786
1.04178
1.03569
1.02959
1.02347
1.01735
1.01121
1.00506
0.998899
0.992726
0.986541
0.980345
0.974136
0.967915
0.961682
0.955437
0.949179
0.94291
0.936627
0.930333
0.924026
0.917706
0.911373
0.905028
0.89867
0.892299
0.885915
0.879518
0.873108
0.866685
0.860249
0.853799
0.847336
0.840859
0.834369
0.827865
0.821348
0.814817
0.808272
0.801713
0.795141
0.788554
0.781953
0.775338
0.768709
0.762066
0.755408
0.748736
0.74205
0.735348
0.728633
0.721902
0.715157
0.708397
0.701622
0.694832
0.688027
0.681207
0.674372
0.667522
0.660656
0.653775
0.646879
0.639967
0.633039
0.626096
0.619138
0.612163
0.605173
0.598167
0.591146
0.584108
0.577054
0.569984
0.562898
0.555796
0.548677
0.541543
0.534391
0.527224
0.52004
0.51284
0.505623
0.498389
0.491139
0.483871
0.476588
0.469287
0.46197
0.454635
0.447284
0.439915
0.43253
0.425127
0.417708
0.410271
0.402817
0.395346
0.387857
0.380351
0.372828
0.365287
0.357729
0.350153
0.34256
0.334949
0.327321
0.319675
0.312011
0.30433
0.296631
0.288914
0.28118
0.273427
0.265657
0.257869
0.250064
0.24224
0.234398
0.226539
0.218661
0.210766
0.202853
0.194922
0.186972
0.179005
0.17102
0.163016
0.154995
0.146956
0.138898
0.130823
0.122729
0.114618
0.106488
0.0983403
0.0901746
0.0819908
0.073789
0.0655691
0.0573312
0.0490753
0.0408014
0.0325095
0.0241996
0.0158717
0.00752587
-0.000837903
-0.0092196
-0.0176192
-0.0260367
-0.034472
-0.0429252
-0.0513962
-0.0598849
-0.0683915
-0.0769157
-0.0854577
-0.0940173
-0.102594
-0.111189
-0.119802
-0.128432
-0.137079
-0.145744
-0.154426
-0.163125
-0.171842
-0.180576
-0.189328
-0.198096
-0.206881
-0.215684
-0.224503
-0.23334
-0.242193
-0.251063
-0.25995
-0.268854
-0.277774
-0.286711
-0.295664
-0.304634
-0.313619
-0.322622
-0.33164
-0.340675
-0.349725
-0.358792
-0.367874
-0.376972
-0.386086
-0.395215
-0.40436
-0.413521
-0.422696
-0.431887
-0.441093
-0.450314
-0.459551
-0.468802
-0.478067
-0.487348
-0.496642
-0.505952
-0.515275
-0.524613
-0.533965
-0.543331
-0.552711
-0.562104
-0.571511
-0.580932
-0.590366
-0.599813
-0.609274
-0.618747
-0.628233
-0.637732
-0.647244
-0.656768
-0.666304
-0.675853
-0.685413
-0.694986
-0.70457
-0.714166
-0.723773
-0.733392
-0.743022
-0.752663
-0.762314
-0.771977
-0.78165
-0.791333
-0.801026
-0.81073
-0.820443
-0.830166
-0.839899
-0.849641
-0.859392
-0.869152
-0.878922
-0.888699
-0.898486
-0.90828
-0.918083
-0.927893
-0.937712
-0.947538
-0.957371
-0.967212
-0.977059
-0.986914
-0.996774
-1.00664
-1.01652
-1.02639
-1.03628
-1.04617
-1.05607
-1.06597
-1.07587
-1.08579
-1.0957
-1.10562
-1.11555
-1.12547
-1.13541
-1.14534
-1.15528
-1.16522
-1.17516
-1.18511
-1.19506
-1.20501
-1.21496
-1.22492
-1.23487
-1.24483
-1.25479
-1.26475
-1.27471
-1.28466
-1.29462
-1.30458
-1.31454
-1.3245
-1.33445
-1.34441
-1.35436
-1.36431
-1.37426
-1.38421
-1.39415
-1.40409
-1.41403
-1.42397
-1.4339
-1.44382
-1.45375
-1.46366
-1.47358
-1.48349
-1.49339
-1.50329
-1.51318
-1.52306
-1.53294
-1.54282
-1.55268
-1.56254
-1.57239
-1.58223
-1.59207
-1.60189
-1.61171
-1.62152
-1.63132
-1.64111
-1.65089
-1.66066
-1.67042
-1.68016
-1.6899
-1.69963
-1.70934
-1.71904
-1.72873
-1.73841
-1.74807
-1.75773
-1.76736
-1.77699
-1.7866
-1.79619
-1.80577
-1.81534
-1.82489
-1.83442
-1.84394
-1.85344
-1.86292
-1.87239
-1.88184
-1.89128
-1.90069
-1.91009
-1.91947
-1.92883
-1.93817
-1.94749
-1.95679
-1.96607
-1.97533
-1.98457
-1.99378
-2.00298
-2.01215
-2.02131
-2.03043
-2.03954
-2.04862
-2.05768
-2.06672
-2.07573
-2.08472
-2.09368
-2.10262
-2.11153
-2.12042
-2.12928
-2.13811
-2.14692
-2.15569
-2.16445
-2.17317
-2.18186
-2.19053
-2.19917
-2.20778
-2.21635
-2.2249
-2.23342
-2.24191
-2.25036
-2.25879
-2.26718
-2.27554
-2.28387
-2.29217
-2.30043
-2.30866
-2.31686
-2.32502
-2.33315
-2.34124
-2.3493
-2.35732
-2.36531
-2.37326
-2.38117
-2.38905
-2.39689
-2.40469
-2.41245
-2.42018
-2.42787
-2.43551
-2.44312
-2.45069
-2.45822
-2.46571
-2.47316
-2.48057
-2.48793
-2.49526
-2.50254
-2.50978
-2.51698
-2.52413
-2.53124
-2.53831
-2.54534
-2.55231
-2.55925
-2.56614
-2.57298
-2.57978
-2.58653
-2.59324
-2.5999
-2.60651
-2.61307
-2.61959
-2.62606
-2.63248
-2.63885
-2.64517
-2.65145
-2.65767
-2.66384
-2.66997
-2.67604
-2.68206
-2.68803
-2.69395
-2.69981
-2.70563
-2.71139
-2.7171
-2.72275
-2.72835
-2.7339
-2.73939
-2.74483
-2.75022
-2.75555
-2.76082
-2.76604
-2.7712
-2.7763
-2.78135
-2.78634
-2.79128
-2.79615
-2.80097
-2.80573
-2.81043
-2.81508
-2.81966
-2.82418
-2.82865
-2.83305
-2.8374
-2.84168
-2.8459
-2.85007
-2.85417
-2.8582
-2.86218
-2.8661
-2.86995
-2.87374
-2.87746
-2.88112
-2.88472
-2.88826
-2.89173
-2.89513
-2.89847
-2.90175
-2.90496
-2.90811
-2.91119
-2.9142
-2.91715
-2.92003
-2.92284
-2.92559
-2.92827
-2.93088
-2.93342
-2.9359
-2.93831
-2.94065
-2.94292
-2.94512
-2.94725
-2.94931
-2.95131
-2.95323
-2.95508
-2.95686
-2.95858
-2.96022
-2.96179
-2.96329
-2.96471
-2.96607
-2.96735
-2.96856
-2.9697
-2.97077
-2.97176
-2.97269
-2.97353
-2.97431
-2.97501
-2.97564
-2.97619
-2.97667
-2.97708
-2.97741
-2.97767
-2.97785
-2.97795
-2.97799
-2.97794
-2.97782
-2.97763
-2.97736
-2.97701
-2.97659
-2.97609
-2.97552
-2.97487
-2.97414
-2.97334
-2.97246
-2.9715
-2.97046
-2.96935
-2.96816
-2.96689
-2.96554
-2.96412
-2.96262
-2.96104
-2.95938
-2.95765
-2.95583
-2.95394
-2.95197
-2.94992
-2.94779
-2.94558
-2.94329
-2.94093
-2.93848
-2.93596
-2.93335
-2.93067
-2.92791
-2.92506
-2.92214
-2.91914
-2.91606
-2.9129
-2.90966
-2.90634
-2.90294
-2.89945
-2.89589
-2.89225
-2.88853
-2.88473
-2.88085
-2.87689
-2.87284
-2.86872
-2.86452
-2.86024
-2.85587
-2.85143
-2.8469
-2.8423
-2.83761
-2.83285
-2.828
-2.82308
-2.81807
-2.81298
-2.80781
-2.80257
-2.79724
-2.79183
-2.78634
-2.78077
-2.77512
-2.76939
-2.76358
-2.75769
-2.75172
-2.74567
-2.73954
-2.73333
-2.72704
-2.72067
-2.71422
-2.70769
-2.70109
-2.6944
-2.68763
-2.68078
-2.67386
-2.66685
-2.65977
-2.6526
-2.64536
-2.63804
-2.63064
-2.62316
-2.6156
-2.60797
-2.60025
-2.59246
-2.58459
-2.57664
-2.56862
-2.56051
-2.55233
-2.54407
-2.53574
-2.52732
-2.51883
-2.51027
-2.50162
-2.4929
-2.4841
-2.47523
-2.46628
-2.45726
-2.44816
-2.43898
-2.42973
-2.4204
-2.411
-2.40152
-2.39197
-2.38234
-2.37264
-2.36287
-2.35302
-2.3431
-2.3331
-2.32303
-2.31289
-2.30267
-2.29239
-2.28203
-2.27159
-2.26109
-2.25051
-2.23987
-2.22915
-2.21836
-2.2075
-2.19657
-2.18557
-2.17449
-2.16335
-2.15214
-2.14086
-2.12951
-2.1181
-2.10661
-2.09506
-2.08343
-2.07174
-2.05999
-2.04816
-2.03627
-2.02431
-2.01229
-2.0002
-1.98804
-1.97582
-1.96354
-1.95119
-1.93877
-1.92629
-1.91375
-1.90114
-1.88848
-1.87574
-1.86295
-1.85009
-1.83717
-1.82419
-1.81115
-1.79805
-1.78489
-1.77166
-1.75838
-1.74504
-1.73164
-1.71818
-1.70466
-1.69108
-1.67745
-1.66376
-1.65001
-1.63621
-1.62235
-1.60843
-1.59446
-1.58043
-1.56635
-1.55221
-1.53802
-1.52378
-1.50948
-1.49513
-1.48073
-1.46628
-1.45178
-1.43722
-1.42261
-1.40796
-1.39325
-1.37849
-1.36369
-1.34883
-1.33393
-1.31898
-1.30399
-1.28894
-1.27385
-1.25872
-1.24353
-1.22831
-1.21303
-1.19772
-1.18236
-1.16695
-1.15151
-1.13602
-1.12049
-1.10491
-1.0893
-1.07365
-1.05795
-1.04222
-1.02644
-1.01063
-0.994779
-0.97889
-0.962963
-0.947
-0.931
-0.914964
-0.898892
-0.882785
-0.866644
-0.850469
-0.83426
-0.818018
-0.801743
-0.785436
-0.769098
-0.752728
-0.736327
-0.719897
-0.703436
-0.686947
-0.670429
-0.653882
-0.637308
-0.620707
-0.604079
-0.587425
-0.570745
-0.55404
-0.537311
-0.520557
-0.50378
-0.486979
-0.470156
-0.453311
-0.436445
-0.419557
-0.402649
-0.385721
-0.368773
-0.351807
-0.334822
-0.317819
-0.300799
-0.283762
-0.266709
-0.249639
-0.232555
-0.215456
-0.198343
-0.181216
-0.164076
-0.146924
-0.12976
-0.112584
-0.0953967
-0.0781994
-0.0609922
-0.0437757
-0.0265504
-0.00931687
0.00792438
0.0251728
0.0424278
0.059689
0.0769556
0.0942272
0.111503
0.128783
0.146067
0.163353
0.180641
0.197931
0.215222
0.232514
0.249806
0.267097
0.284388
0.301677
0.318963
0.336247
0.353528
0.370805
0.388077
0.405345
0.422607
0.439863
0.457113
0.474356
0.491591
0.508817
0.526036
0.543244
0.560443
0.577632
0.594809
0.611975
0.629129
0.646271
0.663399
0.680513
0.697614
0.714699
0.731769
0.748824
0.765862
0.782882
0.799886
0.816871
0.833838
0.850785
0.867713
0.884621
0.901507
0.918373
0.935216
0.952037
0.968835
0.98561
1.00236
1.01909
1.03579
1.05246
1.06911
1.08573
1.10233
1.1189
1.13544
1.15195
1.16843
1.18488
1.2013
1.21769
1.23404
1.25037
1.26666
1.28292
1.29915
1.31534
1.3315
1.34762
1.36371
1.37976
1.39577
1.41175
1.42769
1.44359
1.45945
1.47528
1.49106
1.5068
1.5225
1.53816
1.55378
1.56936
1.58489
1.60038
1.61583
1.63123
1.64659
1.6619
1.67717
1.69239
1.70756
1.72269
1.73777
1.7528
1.76778
1.78271
1.7976
1.81243
1.82721
1.84194
1.85662
1.87125
1.88583
1.90035
1.91482
1.92924
1.9436
1.9579
1.97216
1.98635
2.00049
2.01458
2.0286
2.04257
2.05648
2.07034
2.08413
2.09786
2.11154
2.12516
2.13871
2.15221
2.16564
2.17901
2.19232
2.20557
2.21875
2.23187
2.24493
2.25792
2.27085
2.28371
2.29651
2.30924
2.32191
2.33451
2.34704
2.3595
2.3719
2.38423
2.39649
2.40869
2.42081
2.43286
2.44485
2.45676
2.4686
2.48037
2.49207
2.5037
2.51526
2.52674
2.53816
2.54949
2.56076
2.57195
2.58307
2.59411
2.60508
2.61597
2.62679
2.63753
2.64819
2.65878
2.6693
2.67973
2.69009
2.70037
2.71057
2.7207
2.73075
2.74071
2.7506
2.76041
2.77014
2.77979
2.78936
2.79885
2.80826
2.81758
2.82683
2.83599
2.84508
2.85408
2.863
2.87183
2.88059
2.88926
2.89784
2.90635
2.91477
2.9231
2.93136
2.93952
2.94761
2.95561
2.96352
2.97135
2.97909
2.98675
2.99432
3.00181
3.0092
3.01652
3.02374
3.03088
3.03794
3.0449
3.05178
3.05857
3.06527
3.07189
3.07842
3.08486
3.09121
3.09747
3.10365
3.10973
3.11573
3.12164
3.12746
3.13319
3.13883
3.14438
3.14984
3.15521
3.16049
3.16568
3.17079
3.1758
3.18072
3.18555
3.19029
3.19494
3.1995
3.20397
3.20835
3.21264
3.21684
3.22095
3.22496
3.22888
3.23272
3.23646
3.24011
3.24367
3.24714
3.25052
3.2538
3.257
3.2601
3.26311
3.26603
3.26886
3.2716
3.27424
3.2768
3.27926
3.28163
3.28391
3.2861
3.28819
3.2902
3.29211
3.29393
3.29566
3.2973
3.29885
3.30031
3.30167
3.30295
3.30413
3.30522
3.30622
3.30713
3.30795
3.30867
3.30931
3.30986
3.31031
3.31067
3.31095
3.31113
3.31122
3.31122
3.31113
3.31095
3.31069
3.31033
3.30988
3.30934
3.30871
3.30799
3.30719
3.30629
3.3053
3.30423
3.30306
3.30181
3.30047
3.29904
3.29752
3.29591
3.29422
3.29243
3.29056
3.2886
3.28656
3.28442
3.2822
3.27989
3.2775
3.27501
3.27245
3.26979
3.26705
3.26422
3.26131
3.25831
3.25523
3.25206
3.24881
3.24547
3.24204
3.23854
3.23494
3.23127
3.22751
3.22366
3.21974
3.21573
3.21164
3.20746
3.2032
3.19886
3.19444
3.18994
3.18535
3.18069
3.17594
3.17111
3.1662
3.16122
3.15615
3.151
3.14577
3.14047
3.13508
3.12962
3.12408
3.11846
3.11276
3.10698
3.10113
3.0952
3.0892
3.08311
3.07696
3.07072
3.06441
3.05803
3.05157
3.04504
3.03843
3.03175
3.02499
3.01816
3.01126
3.00429
2.99724
2.99013
2.98294
2.97568
2.96834
2.96094
2.95347
2.94593
2.93831
2.93063
2.92288
2.91506
2.90718
2.89922
2.8912
2.88311
2.87495
2.86673
2.85844
2.85009
2.84167
2.83318
2.82463
2.81602
2.80734
2.7986
2.7898
2.78093
2.772
2.76301
2.75396
2.74484
2.73567
2.72643
2.71714
2.70778
2.69837
2.68889
2.67936
2.66977
2.66012
2.65042
2.64066
2.63084
2.62096
2.61103
2.60105
2.59101
2.58091
2.57076
2.56056
2.55031
2.54
2.52964
2.51922
2.50876
2.49824
2.48767
2.47706
2.46639
2.45567
2.44491
2.43409
2.42323
2.41232
2.40136
2.39036
2.37931
2.36821
2.35707
2.34588
2.33464
2.32337
2.31205
2.30068
2.28927
2.27782
2.26633
2.25479
2.24322
2.2316
2.21994
2.20825
2.19651
2.18473
2.17292
2.16106
2.14917
2.13724
2.12528
2.11328
2.10124
2.08917
2.07706
2.06491
2.05273
2.04052
2.02828
2.016
2.00369
1.99135
1.97897
1.96657
1.95413
1.94166
1.92917
1.91664
1.90409
1.89151
1.87889
1.86626
1.85359
1.8409
1.82818
1.81543
1.80266
1.78987
1.77705
1.76421
1.75134
1.73845
